57 85 87 36 61 91 76 31 51 74 38 25 68 44 25 61 13 22 30 28 52 2 94 70 8 3 26 48 4 88 36 64 60 3 2 46 69 55 44 65 49 59 64 69 58 44 40 23 63 9 73 16 91 11 70 45 42 86 30 41 43 34 92 69
2 20 68 8 67 7 16 58 67 72 23 77 19 49 11 69 45 59 97 69 53 62 98 66 95 57 7 21 93 77 20 16 64 80 36 58 32 7 71 47 0 3 45 66 29 75 91 73 14 13 14 93 10 65 19 22 43 20 53 16 20 11 13 93
27 52 42 93 38 61 5 46 78 13 83 87 9 76 86 74 83 51 33 14 71 9 30 29 48 15 43 59 7 74 62 91 84 66 39 71 82 66 59 67 2 17 4 97 46 57 89 50 58 33 33 3 49 43 17 82 29 35 4 86 71 92 15 17
38 33 34 36 31 90 39 86 98 13 59 36 96 34 70 85 45 13 69 19 16 58 21 63 71 43 99 65 35 29 96 2 51 78 1 47 18 92 85 5 84 29 70 29 14 84 93 94 80 1 82 83 18 72 75 83 99 32 63 33 57 82 73 45
33 94 14 18 62 23 64 83 12 90 21 34 53 67 59 3 98 73 25 83 0 85 10 34 65 50 73 53 31 99 20 71 65 5 38 82 30 52 53 29 7 24 59 13 14 33 61 88 14 3 45 5 67 77 7 40 74 31 95 30 52 3 66 8
21 86 63 10 55 76 36 39 94 72 15 9 6 41 74 8 16 70 22 57 24 5 47 74 69 4 80 79 70 35 60 32 66 63 24 48 77 99 4 39 58 97 31 60 53 35 61 93 85 2 74 8 85 37 40 23 96 25 32 6 88 45 19 1
96 33 84 97 37 46 87 77 49 37 75 40 25 10 35 59 86 60 80 55 58 83 83 71 37 8 64 69 66 26 85 75 80 27 10 28 25 55 57 76 45 18 54 23 74 72 15 32 46 2 86 53 91 12 84 16 71 57 46 38 88 60 37 85
1 66 58 63 21 20 71 68 29 13 25 16 44 21 55 11 70 94 38 96 0 11 11 58 76 72 35 88 14 19 89 93 0 93 49 43 34 16 8 69 49 37 18 38 72 4 93 13 76 54 5 57 17 90 94 99 77 48 84 1 64 61 67 0
29 19 38 16 71 30 54 77 81 34 94 93 12 65 40 23 36 95 30 32 7 8 50 46 62 56 53 27 37 81 74 40 57 17 8 71 80 10 6 34 10 91 21 72 50 29 52 66 61 53 51 46 66 0 60 90 98 13 19 25 13 22 67 96
96 44 54 70 73 59 63 76 97 71 76 75 4 19 9 96 98 33 61 47 60 45 66 64 64 5 44 59 49 27 61 14 82 25 83 29 1 9 49 9 19 85 91 74 13 94 21 46 8 83 46 23 43 88 62 17 92 36 0 70 4 23 97 34
45 37 37 22 68 12 9 22 63 40 6 27 85 35 63 10 35 50 34 0 61 87 30 90 12 81 10 67 62 80 71 86 42 33 21 1 98 3 81 49 19 52 74 25 54 26 77 70 18 11 76 3 37 99 97 16 33 87 9 40 83 80 39 10
4 91 54 44 62 19 74 97 32 24 89 20 16 41 80 51 22 57 47 37 60 96 50 34 73 96 85 92 85 62 79 26 68 55 0 85 13 1 88 99 72 41 78 30 32 18 62 81 14 33 35 48 78 56 73 37 76 3 67 96 39 78 72 44
83 47 35 95 55 33 80 69 6 8 82 81 49 7 88 65 66 53 79 79 5 91 37 42 14 49 9 58 14 16 64 84 89 24 18 87 18 53 67 3 95 59 8 79 21 82 83 95 92 15 59 84 23 85 99 22 34 39 34 32 88 37 30 33
52 69 66 37 68 6 66 53 11 9 66 46 97 85 42 22 3 80 10 40 56 49 41 16 82 78 79 83 12 80 5 51 75 26 84 95 42 68 6 68 49 84 48 64 34 5 82 43 17 29 11 33 69 75 39 18 96 52 15 36 46 3 70 80
91 20 85 18 72 94 83 51 24 51 54 13 30 73 88 67 97 66 31 74 37 10 64 66 88 42 21 55 16 1 69 93 11 19 78 13 81 24 59 73 38 72 99 91 67 5 82 42 99 33 27 25 88 57 31 65 2 22 36 35 73 71 37 57
56 33 86 71 84 97 35 47 91 35 3 18 19 51 14 10 64 80 22 49 24 95 87 99 78 33 69 85 73 7 82 82 87 2 57 62 78 10 58 19 92 94 65 59 69 32 71 9 18 90 9 55 11 31 34 54 57 30 32 27 37 65 29 61
0 70 89 32 23 29 28 62 22 58 91 92 16 1 73 66 54 67 93 83 28 75 64 22 96 40 48 86 64 0 23 46 93 40 66 90 84 2 43 24 29 59 51 35 23 97 67 63 59 16 57 34 73 34 7 79 54 67 44 42 15 77 45 43
45 59 92 3 58 84 91 27 18 53 68 13 64 4 95 92 20 77 64 31 57 33 50 34 73 55 88 83 64 68 43 40 7 20 40 68 37 86 27 29 52 89 89 4 68 52 77 51 36 79 75 63 63 61 58 62 76 71 82 27 26 46 30 8
11 24 21 56 9 60 69 6 68 39 78 84 97 77 19 13 21 76 94 17 90 10 36 90 7 46 69 28 11 18 67 48 6 51 75 22 83 83 80 80 82 4 11 59 25 65 91 32 58 36 93 76 66 14 30 17 79 39 62 23 80 70 86 53
25 2 79 35 65 24 65 38 73 33 88 63 99 59 24 8 24 7 55 79 2 39 44 43 12 90 53 33 68 83 58 16 14 97 27 85 50 3 87 72 66 79 52 14 34 24 42 8 81 5 46 15 67 75 95 76 41 68 95 85 89 73 6 98
55 49 50 76 38 56 68 34 2 63 36 90 32 61 16 49 38 32 79 49 4 45 32 62 8 60 9 96 10 97 92 12 22 42 11 85 80 42 72 6 90 37 67 60 31 62 47 96 43 58 82 88 92 67 61 30 44 55 32 43 29 8 61 26
53 41 11 28 64 16 48 86 17 25 88 70 58 26 18 93 67 28 98 61 95 64 10 29 37 20 26 25 24 71 24 62 65 35 94 70 64 53 59 49 64 94 1 21 14 26 56 46 65 94 49 80 89 57 88 89 75 23 13 3 95 80 94 35
56 55 11 58 91 96 10 5 80 94 93 40 13 45 20 49 29 75 33 18 89 54 16 18 85 72 14 21 4 26 83 52 46 95 0 93 95 5 67 36 42 58 22 87 21 71 22 20 86 56 14 96 71 58 38 2 42 40 64 28 17 5 77 86
66 58 24 74 99 27 68 55 74 46 70 57 94 54 95 35 99 35 8 95 91 33 65 50 34 97 34 2 49 54 21 80 40 37 55 85 8 18 57 94 87 17 51 76 5 55 5 81 59 68 62 76 59 97 34 25 19 5 96 2 69 80 63 30
11 19 72 34 22 63 80 10 24 94 56 12 80 38 37 28 37 79 72 77 39 92 88 1 78 62 23 26 44 58 2 55 72 57 45 27 85 82 87 42 53 47 17 46 10 98 30 46 64 57 93 30 95 84 26 74 82 55 70 79 72 9 34 10
37 94 17 9 0 88 68 97 14 93 42 3 14 21 72 52 69 88 94 4 96 98 64 39 49 98 53 32 97 66 24 58 82 10 16 88 70 61 19 17 24 89 84 47 13 36 11 22 72 79 84 63 88 84 96 55 9 11 38 12 76 20 48 83
97 80 98 77 77 59 84 80 72 31 72 24 97 45 5 54 90 87 38 27 72 56 96 66 30 2 91 22 0 28 50 97 53 82 27 34 31 78 34 2 90 76 10 44 79 89 75 24 56 70 4 82 37 62 14 72 13 92 19 81 28 16 50 16
62 66 54 18 87 78 16 20 60 28 74 44 86 89 19 97 67 60 5 87 23 38 75 39 91 90 2 43 69 47 86 51 23 42 46 40 1 16 61 61 9 50 18 39 59 2 4 96 78 52 46 30 34 35 30 10 16 5 38 41 0 40 73 29
8 22 19 40 98 25 59 36 33 39 58 2 29 63 3 46 51 48 3 14 11 34 5 91 70 13 85 60 59 64 19 19 36 4 28 58 74 32 68 44 3 73 7 2 46 84 27 22 92 58 59 37 64 38 24 59 48 9 92 83 47 72 49 24
98 23 24 69 97 38 70 6 4 62 73 96 65 90 26 84 37 97 32 88 73 42 47 23 78 91 18 72 67 22 28 86 14 77 75 72 31 63 75 94 8 76 88 63 69 90 50 66 17 68 83 58 33 79 75 63 96 96 12 35 85 28 6 31
92 18 62 86 63 66 71 46 61 22 15 64 76 97 12 86 29 62 22 76 97 25 64 35 36 64 9 6 70 12 40 78 92 25 54 88 31 93 2 73 9 1 80 58 31 92 74 71 97 31 90 68 91 81 94 17 96 93 42 44 31 34 45 48
60 59 69 70 99 88 50 59 67 73 95 48 15 81 72 33 96 3 36 4 62 79 47 98 23 35 14 22 34 11 79 23 59 80 45 50 43 69 10 60 96 41 0 89 0 91 6 19 7 59 54 75 35 69 69 73 4 32 66 86 4 4 20 91
40 57 42 8 67 97 12 49 71 15 90 75 27 75 7 7 70 40 51 74 83 0 67 4 75 16 80 82 7 96 69 27 64 35 28 69 61 68 32 71 66 51 56 68 45 81 43 33 7 78 9 19 87 61 6 5 46 47 23 43 9 82 85 70
86 4 80 42 28 47 19 52 87 26 90 37 34 68 86 37 64 21 72 32 76 67 74 91 25 5 53 64 94 20 42 76 0 5 78 55 47 99 83 82 39 38 11 32 98 27 42 49 85 33 69 43 19 20 84 52 42 39 5 18 50 23 50 55
76 9 0 31 56 93 28 15 91 90 25 15 3 37 51 32 30 8 87 33 54 47 51 46 16 63 79 6 75 96 60 76 60 26 19 87 58 3 73 80 88 23 35 98 63 57 31 5 47 71 72 15 81 45 14 31 75 72 84 80 10 86 50 37
8 89 9 94 58 14 86 37 89 94 94 90 27 13 19 74 14 56 1 94 81 18 83 6 31 56 22 3 87 73 88 1 19 53 9 62 97 94 51 51 66 97 42 79 84 93 93 17 56 49 93 98 14 38 32 83 65 68 72 20 54 18 81 74
33 47 27 30 75 2 14 9 69 90 3 14 25 85 87 37 21 25 51 54 41 61 96 19 38 60 68 35 15 84 35 15 4 43 11 14 58 0 91 98 68 69 13 56 82 73 0 80 43 20 35 53 85 32 52 24 65 1 53 53 4 63 61 32
89 91 86 56 18 2 13 64 20 27 16 82 71 20 77 3 73 95 13 29 71 28 51 22 49 56 3 40 8 38 75 55 75 52 99 55 98 85 55 2 86 92 98 96 20 9 72 66 39 50 21 25 83 92 78 94 81 9 73 60 10 83 99 76
21 51 16 4 97 5 66 45 22 5 42 30 95 72 69 39 22 74 15 84 8 19 39 38 36 30 76 97 99 35 29 40 82 85 13 67 27 12 79 94 73 51 82 50 80 74 70 71 1 0 76 99 76 9 31 98 84 79 41 87 58 55 93 16
51 19 52 30 97 83 24 57 86 93 44 38 29 70 98 13 46 39 8 86 5 28 34 21 87 77 66 44 69 70 37 37 70 86 62 79 63 23 9 11 65 84 22 96 77 44 60 46 5 33 57 93 4 31 17 46 54 14 90 52 9 74 18 31
23 34 50 16 39 64 60 80 40 50 25 2 68 79 34 4 92 83 30 93 18 53 9 41 93 47 77 9 29 20 86 77 48 62 8 70 39 13 66 26 22 29 17 1 15 77 43 67 61 96 12 42 57 45 72 75 19 8 65 34 44 38 71 7
38 12 4 72 40 79 71 2 15 38 71 33 93 86 24 98 83 85 90 59 41 49 49 0 71 27 61 35 17 11 56 87 39 92 58 41 48 45 64 46 92 88 40 23 7 12 30 2 60 71 66 29 24 67 41 34 89 1 87 6 59 3 8 75
38 97 59 88 22 23 5 90 22 63 65 68 41 76 90 69 24 29 46 89 94 1 51 66 12 56 44 19 10 12 15 57 25 7 36 68 50 9 44 52 62 58 1 73 55 49 10 44 69 43 48 26 62 52 31 16 43 9 87 9 13 31 23 7
75 13 75 86 94 8 78 22 93 94 75 83 23 55 30 33 85 42 11 55 67 24 61 8 55 29 73 38 67 77 23 13 6 4 25 91 30 70 55 72 59 15 60 20 66 6 73 72 40 48 16 89 25 57 30 15 24 29 49 92 11 48 21 0
85 86 23 76 4 4 47 66 38 84 56 13 37 90 48 61 72 62 7 81 90 8 86 43 25 88 49 3 5 58 31 73 79 53 49 46 85 71 33 70 4 1 93 60 72 33 58 39 61 49 72 30 76 46 15 75 81 15 45 81 83 51 3 60
45 45 39 75 59 96 3 90 13 82 7 18 96 11 79 88 47 15 19 57 6 52 54 12 77 7 74 94 36 79 10 19 35 26 48 79 95 93 7 12 56 94 72 28 17 83 50 49 84 22 33 55 38 37 69 30 23 31 72 12 62 24 36 30
32 55 94 48 39 51 4 51 61 36 42 79 36 56 1 38 50 21 80 65 49 54 34 1 89 44 48 94 0 79 58 12 61 75 39 92 63 68 24 24 33 60 24 84 90 24 44 64 25 25 26 88 55 94 74 8 74 64 26 66 33 15 63 78
74 91 55 84 41 27 26 34 48 17 13 51 53 29 72 14 78 69 75 33 64 88 45 63 62 21 61 72 62 38 30 55 93 89 3 0 40 79 67 35 85 37 20 76 4 28 35 37 4 57 68 68 7 82 8 13 54 25 70 12 94 46 8 6
23 24 13 56 55 53 7 8 23 25 34 48 63 42 80 70 64 23 25 46 70 72 73 60 66 80 77 2 72 48 22 62 29 55 22 19 98 62 76 90 11 70 86 22 2 87 74 64 97 35 30 1 32 73 68 67 36 66 74 98 11 50 98 12
61 26 55 81 33 79 83 79 66 24 30 2 45 69 37 61 98 5 91 62 85 89 32 5 1 5 47 78 91 82 98 30 81 36 42 53 61 64 2 63 37 89 33 61 64 27 4 32 45 47 31 54 52 8 99 83 81 34 33 81 87 52 92 22
31 80 17 3 50 4 43 31 14 42 21 99 31 89 81 0 0 72 61 40 92 13 84 33 85 90 42 13 54 72 53 52 95 77 18 79 43 49 6 83 46 74 8 29 62 11 35 3 69 10 46 90 27 54 62 90 98 89 78 97 56 57 0 38
21 74 81 87 95 16 89 33 7 98 13 19 60 56 78 60 73 36 18 71 39 51 3 95 72 55 18 58 19 46 5 30 48 36 11 42 7 79 20 74 7 97 41 90 38 23 54 46 74 76 8 13 35 16 60 11 61 62 43 15 85 35 37 7
5 49 4 51 48 56 82 98 87 26 15 81 39 5 79 70 79 50 24 69 42 79 90 35 75 59 41 21 19 55 10 96 96 15 96 70 12 21 94 89 76 70 18 80 69 97 58 92 21 43 49 2 19 46 16 88 86 91 78 81 46 35 19 40
17 47 81 23 65 76 12 53 43 27 35 18 1 72 24 73 3 50 87 28 98 11 89 0 4 96 47 74 70 70 59 76 74 17 66 2 10 69 47 6 37 87 4 44 53 56 30 21 69 16 81 21 30 54 72 78 12 14 52 52 53 88 26 29
25 13 80 73 16 51 75 74 86 96 39 89 46 23 13 83 44 50 5 32 77 92 20 59 91 95 78 41 23 64 95 88 54 82 37 93 22 48 39 86 88 74 6 38 81 58 25 68 93 13 98 15 14 20 42 74 46 75 69 68 77 76 88 28
33 39 88 97 0 20 61 72 93 38 80 40 21 68 84 51 20 36 59 37 81 60 35 31 9 38 62 1 23 55 50 76 29 70 84 55 34 74 4 81 85 69 31 93 33 87 24 14 75 95 15 50 51 0 1 26 91 94 91 47 55 10 95 19
23 64 35 53 9 8 76 47 50 8 38 28 63 62 62 87 61 10 23 72 76 73 80 77 49 73 70 7 42 65 45 7 53 3 92 38 24 19 0 46 45 42 16 8 63 69 7 78 12 62 66 70 51 94 4 87 25 42 87 27 25 70 54 10
61 3 62 31 32 59 94 56 36 1 99 78 60 75 37 33 72 62 89 91 34 36 63 73 13 71 31 73 36 44 52 70 58 3 77 72 51 27 47 86 27 14 82 83 8 11 71 16 8 67 13 3 93 48 2 86 91 89 42 19 14 83 65 69
14 31 58 24 33 27 63 64 5 59 60 96 83 97 19 13 97 30 40 2 71 89 78 32 56 67 23 42 28 64 29 93 43 98 80 92 92 10 49 22 65 72 36 15 15 28 7 46 9 6 71 99 17 79 82 9 81 23 31 7 1 14 95 42
58 2 22 89 34 67 21 35 11 40 89 49 63 56 62 42 43 67 73 76 66 75 69 12 37 56 71 59 88 28 43 10 53 24 62 82 29 52 26 12 30 20 18 84 15 16 51 5 13 61 28 97 7 72 77 18 44 87 51 74 75 87 64 43
61 68 12 33 96 55 30 80 26 25 9 56 72 74 93 76 95 19 38 62 93 83 80 65 73 95 59 61 3 8 68 35 58 98 68 0 25 59 31 81 42 31 62 58 84 37 51 42 9 66 77 21 93 98 27 67 26 65 87 76 98 2 78 59
81 68 5 55 44 92 83 5 59 29 53 50 40 89 84 52 36 22 77 38 85 8 84 85 6 27 22 86 58 60 89 9 23 9 19 88 24 1 68 75 99 27 30 74 60 97 59 94 27 89 63 42 11 20 71 36 22 46 78 21 34 59 97 34
89 51 27 9 21 22 72 20 6 66 44 1 15 95 78 52 2 2 87 80 45 67 65 97 44 88 12 93 67 17 57 37 57 33 87 21 5 41 84 20 92 93 81 44 59 91 48 24 1 98 99 66 16 88 96 19 79 31 96 36 53 61 2 5
83 2 40 39 90 1 99 6 95 88 66 13 69 16 33 98 30 72 51 17 97 25 70 79 8 9 8 37 50 27 84 93 96 91 98 83 65 14 44 58 73 64 91 82 86 16 1 32 59 59 9 26 84 78 3 74 2 40 13 48 50 9 42 40
