69 3 58 26 79 51 16 51 72 8 74 2 17 36 33 35
26 58 76 40 47 86 24 36 53 89 71 93 8 44 11 38
90 50 37 87 36 78 56 15 67 68 59 82 86 65 48 38
22 84 58 71 31 5 4 96 71 78 44 37 15 14 78 91
99 24 47 73 96 81 51 75 91 72 89 4 86 85 21 89
44 29 20 26 32 83 36 40 34 12 49 59 36 76 64 10
37 21 90 25 2 68 8 66 74 33 86 77 72 76 69 23
57 82 92 17 46 46 56 94 25 85 80 53 20 56 74 71
32 54 31 34 75 5 36 28 82 16 88 6 86 9 72 58
87 52 28 61 96 43 86 79 42 46 68 9 41 68 19 46
72 44 44 62 36 1 59 44 98 71 53 36 52 33 23 59
15 63 4 18 3 7 77 2 60 41 81 7 93 76 86 61
92 47 20 98 89 54 52 50 78 17 64 49 24 41 91 28
63 48 13 67 36 72 22 71 78 48 0 97 9 78 94 57
43 13 49 74 98 6 98 11 42 91 6 76 3 86 63 65
56 17 30 43 64 12 25 66 48 56 72 29 37 44 48 9
