32 9 66 51 33 90 1 11 75 33 29 97 45 60 13 87 64 65 72 89 57 91 77 57 21 8 75 4 8 27 5 33 14 97 13 43 80 84 4 62 42 50 80 62 28 9 87 52 29 13 32 73 75 68 35 8 28 48 12 16 57 35 42 43
5 47 29 60 32 29 33 78 85 41 84 70 46 89 8 79 99 54 61 59 89 69 76 76 90 26 28 63 73 88 95 57 27 43 58 52 16 49 35 85 84 83 75 61 29 46 56 60 87 30 35 21 14 41 23 25 86 49 94 96 77 13 18 11
75 80 81 17 33 41 79 27 58 17 92 10 27 61 77 86 52 34 13 33 63 6 81 12 83 21 37 52 53 85 27 37 66 84 86 22 28 39 21 35 8 91 83 80 67 72 13 77 43 68 63 51 33 13 10 35 25 56 34 36 22 63 29 68
75 92 90 78 17 94 43 28 60 75 20 53 87 8 81 33 83 97 57 4 65 57 21 15 28 64 76 70 6 77 34 45 1 72 58 21 73 97 32 92 7 76 5 50 95 51 17 19 41 35 54 71 8 50 90 95 55 92 78 35 98 91 57 19
34 8 43 18 16 71 12 32 83 48 50 86 26 63 31 63 29 25 46 79 63 7 99 40 58 65 58 92 9 5 41 46 38 69 3 90 33 80 35 73 90 47 77 81 9 34 66 4 88 33 25 62 38 47 32 53 75 81 80 14 26 90 74 86
45 12 30 11 32 17 75 22 95 96 19 59 41 64 72 95 12 99 20 93 56 42 65 96 65 76 6 16 52 94 64 4 89 55 1 64 10 46 29 75 96 32 0 15 79 29 96 5 29 61 11 2 48 33 45 97 95 62 20 0 36 35 13 17
6 15 86 3 87 41 46 62 90 81 37 87 17 57 51 85 65 18 67 70 78 51 12 37 56 61 47 58 65 29 83 15 71 9 8 19 81 88 82 91 66 10 27 70 95 37 36 35 59 81 9 7 28 24 65 49 37 2 53 97 20 0 68 98
70 74 99 43 32 6 74 90 41 61 60 25 23 54 95 53 97 24 42 5 42 86 88 85 35 49 28 49 95 46 18 88 3 21 13 65 62 6 72 18 71 42 87 85 6 60 74 82 15 83 82 59 17 61 51 21 35 0 48 19 90 43 61 58
86 79 14 56 38 23 37 38 8 0 38 82 41 29 81 43 9 14 53 48 13 13 6 12 87 12 20 75 36 96 31 33 22 31 19 17 79 66 38 57 81 43 54 35 59 60 13 43 16 36 43 27 30 32 98 37 3 38 55 28 55 30 97 24
8 35 86 79 75 24 42 77 11 40 13 61 27 29 46 36 32 50 62 95 11 86 18 47 27 22 51 30 66 16 41 64 91 68 6 92 23 60 81 83 34 71 34 2 28 68 76 24 71 18 21 59 30 69 14 94 36 69 23 80 22 77 54 88
20 98 67 22 26 92 85 74 8 98 50 95 72 8 75 75 78 47 66 55 28 55 49 13 21 16 5 24 84 71 76 10 51 47 87 18 96 5 90 7 59 22 52 17 91 12 74 83 78 5 25 61 99 39 30 8 81 77 95 99 38 93 9 94
77 39 55 20 38 63 49 5 16 11 5 0 31 42 65 5 39 62 9 3 46 42 20 64 9 35 51 7 49 42 33 80 53 0 17 72 18 77 62 38 29 69 33 58 95 97 23 85 28 22 11 27 67 79 31 3 17 2 61 71 63 8 31 56
24 75 52 17 29 93 39 74 74 99 72 27 35 82 42 69 80 77 92 92 0 96 36 5 38 55 61 50 90 38 33 15 2 8 68 28 65 85 87 6 40 72 99 27 13 43 23 3 41 42 53 67 45 30 42 11 72 6 64 19 33 28 42 84
57 69 17 48 89 38 98 16 22 33 87 84 76 51 99 67 43 23 5 48 32 84 93 93 36 58 94 30 61 23 23 75 43 58 40 80 38 51 72 86 64 89 7 11 91 61 56 85 31 82 7 82 21 78 72 73 46 79 78 39 58 17 47 39
76 21 34 98 16 19 86 91 65 46 36 77 99 96 42 30 42 2 80 19 97 70 10 72 89 22 66 37 9 39 28 70 52 65 34 44 53 67 74 23 92 66 78 60 86 28 7 65 66 57 71 24 2 2 81 93 64 87 35 4 64 80 77 90
98 38 68 56 80 53 39 18 0 59 29 73 11 22 38 32 87 6 57 54 68 86 26 75 13 5 48 35 33 33 17 28 9 8 41 82 33 59 55 83 73 24 66 59 58 81 10 90 54 58 74 55 76 5 96 47 70 76 25 99 76 74 94 2
27 61 18 28 6 1 88 46 87 62 68 27 64 8 83 33 94 55 51 36 22 43 66 98 83 92 53 32 35 20 30 54 21 46 14 19 42 99 42 63 58 56 91 13 51 87 93 54 92 34 98 16 89 52 39 51 97 30 79 48 87 23 14 76
44 29 71 87 87 58 4 13 26 62 70 54 86 94 63 97 59 86 4 34 40 55 44 21 46 28 41 53 0 1 30 43 78 76 87 37 80 67 38 29 79 93 13 2 48 49 26 87 74 11 10 51 55 37 8 91 59 99 31 50 70 37 66 52
16 53 67 22 20 45 84 14 35 27 32 44 27 85 0 58 44 21 70 97 63 71 3 30 84 6 47 98 46 8 26 55 29 6 87 55 91 58 66 95 93 93 65 51 23 41 38 57 5 17 10 87 79 51 28 60 69 4 32 13 68 32 28 34
85 1 44 82 87 6 45 11 16 21 72 47 70 18 99 34 18 73 14 45 25 80 59 46 17 58 58 87 31 38 54 34 87 70 80 20 31 67 36 33 26 35 80 11 86 24 96 28 95 70 57 47 21 32 46 19 71 95 88 76 36 38 94 15
16 4 85 80 24 50 73 43 61 17 6 65 37 85 3 84 59 0 72 94 13 9 77 85 46 7 51 45 49 81 42 73 23 45 84 93 49 60 18 56 25 23 83 64 22 29 30 79 1 38 70 21 54 13 54 50 86 84 29 95 60 26 47 47
0 56 42 0 55 0 22 18 76 49 64 22 45 25 68 96 97 29 41 12 11 48 52 3 3 34 50 32 38 93 73 88 77 93 91 59 30 77 29 92 96 79 92 82 90 33 70 65 96 14 31 62 64 90 74 50 88 27 53 36 82 36 56 68
40 70 17 34 7 81 32 44 40 90 93 39 61 69 25 31 55 67 37 10 75 59 78 27 35 92 55 31 22 54 65 53 92 43 48 45 75 97 23 30 43 77 78 33 73 37 1 63 80 94 77 48 89 82 19 56 64 46 96 26 61 75 30 26
51 36 71 47 2 9 93 83 10 26 60 22 28 22 74 56 45 88 46 40 15 78 83 57 1 63 79 12 73 51 5 50 18 4 19 98 0 96 48 98 47 41 47 3 16 65 32 76 90 59 51 38 57 36 8 33 91 30 24 51 48 78 2 80
11 38 16 32 27 73 76 22 98 63 47 5 86 1 73 86 60 85 84 64 73 36 4 56 68 16 45 43 41 57 66 0 5 63 63 60 17 65 21 68 22 54 48 87 75 63 16 77 82 2 81 78 82 26 10 29 67 40 36 49 69 36 14 17
9 38 0 90 24 47 74 57 37 78 57 58 57 36 69 39 67 24 8 79 71 3 22 7 49 76 40 66 45 96 77 52 29 92 53 28 81 13 89 45 28 51 29 57 68 14 68 16 50 1 3 29 11 83 84 34 95 74 21 4 99 93 0 36
99 25 62 38 41 8 82 66 30 4 7 18 6 39 98 55 0 52 55 77 0 74 82 20 58 74 26 55 82 61 39 8 62 3 80 50 78 34 4 27 1 44 60 15 20 96 51 6 2 65 4 26 19 73 95 20 96 23 18 49 1 91 38 31
0 66 90 12 87 95 71 94 57 56 58 64 32 5 86 19 50 95 61 90 90 67 29 67 3 52 83 97 33 10 41 57 77 17 15 29 37 21 40 37 84 68 97 73 8 16 31 96 68 24 32 76 33 87 29 11 87 17 70 27 51 20 96 98
80 6 9 98 58 24 66 92 10 76 74 83 19 70 26 33 5 39 91 77 80 56 2 50 74 15 28 78 70 6 12 67 35 53 31 46 37 6 49 92 72 83 4 97 24 36 61 30 71 31 99 91 40 75 86 49 81 42 70 73 12 86 39 28
24 73 83 89 88 75 80 96 54 61 38 22 38 52 62 85 96 90 63 54 67 63 27 42 79 4 40 30 26 37 0 28 56 13 78 83 44 8 91 86 53 56 32 56 67 50 54 51 85 53 67 18 68 4 22 80 24 86 9 44 23 19 79 14
62 60 82 97 91 86 21 73 58 13 40 41 37 67 93 20 50 57 51 69 91 66 66 54 54 96 60 3 21 2 71 5 97 17 42 67 9 86 25 12 54 71 98 95 82 52 9 54 9 52 58 73 6 49 53 5 59 61 20 12 82 21 97 15
85 93 30 75 77 94 44 26 74 6 7 68 94 48 66 95 29 40 17 89 98 94 76 75 89 87 61 76 33 47 41 14 83 30 96 82 67 24 33 2 41 68 29 11 91 26 32 98 70 13 40 64 58 10 56 55 49 35 0 8 53 99 52 2
32 9 64 57 64 91 34 1 30 84 49 50 14 94 55 68 58 9 56 57 59 45 62 47 0 96 36 99 28 65 14 29 45 73 95 44 41 48 38 10 52 49 48 0 27 97 56 44 9 52 46 36 15 70 30 1 99 65 65 27 67 77 64 26
74 92 32 1 99 6 50 24 17 44 6 46 45 78 82 23 58 40 68 44 28 63 9 42 29 16 93 88 84 52 8 50 48 94 27 73 50 44 94 34 44 95 83 39 32 42 31 74 21 6 18 35 26 0 78 69 98 87 81 30 56 12 74 63
29 47 38 2 45 96 0 46 0 33 94 75 88 8 52 76 8 19 73 67 73 72 46 15 88 16 82 29 14 2 15 63 60 18 72 48 61 29 59 29 84 48 8 5 6 92 54 20 96 45 59 51 46 76 99 25 70 33 76 34 48 16 3 23
16 51 0 77 39 5 29 90 55 12 63 8 55 84 25 95 91 11 71 31 93 4 37 89 70 29 65 65 9 65 61 37 91 12 91 9 6 33 91 46 53 72 15 62 68 90 47 6 83 87 68 95 54 21 19 95 70 74 23 36 16 5 21 84
77 19 15 84 87 31 96 38 79 0 0 18 0 64 58 7 76 81 7 3 29 22 32 91 64 22 6 89 6 93 40 34 13 59 93 84 94 68 35 74 6 73 0 98 28 67 72 11 41 48 67 90 65 67 23 37 71 3 11 55 87 92 60 92
9 25 76 1 72 29 21 73 76 25 95 58 65 60 70 53 65 32 5 31 25 84 4 24 88 72 45 59 69 57 75 13 62 85 60 81 5 62 75 60 91 14 75 85 93 16 20 14 70 56 1 65 40 23 45 5 55 19 24 83 93 87 97 23
70 99 92 63 82 23 7 48 42 90 49 82 8 37 71 33 67 18 41 95 27 16 80 72 46 45 62 98 60 98 35 21 41 99 90 53 23 41 93 88 63 89 17 30 94 0 54 24 46 53 10 39 81 24 56 52 41 29 57 20 47 17 49 65
67 73 25 44 58 69 5 8 32 60 82 61 88 34 24 56 21 72 18 89 9 34 32 24 44 39 31 88 96 32 78 57 94 94 74 19 35 73 54 48 70 33 28 19 75 91 29 73 31 9 3 41 94 38 34 75 97 3 47 88 63 65 21 8
86 51 79 9 95 33 5 27 78 90 77 57 63 61 4 9 98 55 11 48 10 59 19 16 36 7 37 58 94 61 93 36 77 24 12 77 70 10 92 34 31 10 77 79 85 94 79 35 5 64 87 52 3 98 78 99 48 44 90 39 52 89 9 22
33 6 66 45 4 44 47 38 65 70 7 89 23 33 80 16 98 85 1 30 13 28 38 65 75 52 71 72 64 4 5 43 93 99 60 81 10 34 26 67 27 46 34 52 21 21 27 94 34 0 4 47 63 63 52 38 88 86 27 50 8 76 89 99
12 23 42 95 22 81 7 54 45 22 66 60 42 82 76 28 79 25 84 31 15 64 78 18 72 22 68 46 17 50 28 58 72 55 40 87 23 99 98 58 30 38 27 46 35 61 5 11 86 8 2 51 83 52 54 84 52 54 54 17 15 55 83 61
26 11 88 55 56 38 57 72 18 70 5 63 53 51 63 51 97 49 42 58 69 10 11 27 10 84 50 62 38 88 3 13 24 56 46 53 17 76 53 4 80 76 71 13 57 3 8 22 70 69 59 79 41 91 99 60 41 66 37 37 47 0 85 10
26 94 8 13 13 96 66 26 63 64 21 89 75 70 9 47 6 29 10 44 2 78 51 78 83 50 91 98 52 70 42 13 34 46 39 11 22 58 72 42 35 77 46 51 57 12 29 95 65 70 55 20 66 28 49 4 19 19 60 75 49 44 73 12
97 60 54 63 90 56 15 54 11 75 26 32 51 50 74 80 8 95 24 8 2 73 16 17 42 76 8 62 16 74 49 98 57 5 36 54 51 48 70 69 84 56 96 39 34 48 27 42 3 86 56 71 25 99 38 30 73 32 61 26 10 13 35 30
35 41 5 72 75 76 88 24 49 94 38 84 93 96 98 49 9 77 36 75 65 33 99 62 19 37 59 56 20 19 2 36 27 0 20 7 57 53 82 44 13 0 55 82 69 85 86 89 37 6 26 48 58 52 51 98 66 9 89 79 99 2 10 40
52 9 50 65 13 76 69 38 9 28 60 69 78 58 1 18 83 29 50 90 16 47 72 58 9 27 50 51 58 8 40 6 14 42 45 42 88 14 62 56 29 65 5 96 0 46 14 71 30 35 61 78 12 6 93 2 69 40 25 11 29 44 49 12
48 2 4 82 3 2 12 14 23 50 35 52 21 53 92 55 68 19 48 82 92 49 22 93 30 79 83 43 45 20 93 0 87 63 71 98 98 96 47 52 67 92 76 57 31 0 90 39 94 0 89 2 56 62 46 64 82 90 58 52 24 61 43 13
88 75 43 84 64 83 59 1 34 96 42 60 55 80 92 48 27 87 18 7 21 7 85 35 78 18 33 32 80 14 51 66 91 58 61 44 82 99 3 90 69 23 49 0 42 37 9 36 47 93 6 56 51 95 52 42 34 87 52 7 5 44 95 59
99 4 12 72 91 66 53 62 15 18 36 22 11 27 68 65 85 78 65 72 15 99 66 69 79 39 39 80 35 74 3 72 90 67 17 73 66 63 24 53 6 61 74 65 15 54 94 77 0 95 61 23 88 10 27 87 88 69 1 17 14 27 5 11
99 47 7 79 99 4 9 59 25 4 72 65 97 21 40 45 34 85 56 37 0 51 40 10 37 12 54 20 1 76 87 25 45 76 99 2 88 43 48 39 80 92 10 63 23 45 0 79 88 40 26 34 5 0 75 38 54 75 22 21 90 6 64 74
86 87 32 53 73 55 37 15 28 87 3 80 98 74 10 39 23 16 56 24 58 27 54 90 21 66 39 92 87 29 0 31 6 22 56 80 77 61 97 64 26 3 72 61 58 70 68 29 81 72 69 88 57 49 59 49 91 42 69 16 60 73 98 25
91 7 32 80 70 95 37 89 59 47 63 20 95 42 60 12 24 8 21 49 24 62 23 80 87 27 34 19 22 32 10 7 91 8 3 5 14 84 97 24 89 4 5 90 5 41 98 35 43 85 18 9 60 64 28 37 52 96 66 2 37 55 1 19
78 43 25 22 22 22 91 55 31 22 89 8 55 10 47 47 95 54 33 22 60 78 87 72 52 64 36 82 13 37 16 67 15 41 32 96 46 40 84 72 44 39 45 19 58 47 22 74 37 68 83 12 59 10 22 61 69 77 19 14 97 43 38 66
56 16 52 49 12 11 61 73 71 63 24 41 71 90 22 44 42 29 46 63 13 74 40 72 68 58 18 51 83 55 27 64 31 60 22 4 87 17 98 31 70 83 99 96 58 69 14 90 24 38 27 63 4 58 12 79 81 11 15 97 93 68 14 25
31 2 94 7 85 73 34 79 0 32 44 56 86 18 8 55 90 37 27 31 34 0 91 19 53 41 85 33 91 40 57 7 45 34 63 49 8 30 0 53 8 6 49 94 97 86 78 69 56 9 36 17 10 25 55 42 38 12 30 54 85 28 9 85
49 74 73 7 58 78 74 1 28 20 36 3 50 43 43 18 63 9 81 62 23 42 21 87 77 46 58 25 73 80 50 64 13 49 31 3 6 6 1 25 98 10 74 85 13 9 88 28 82 16 6 4 19 31 14 60 52 83 49 28 26 29 66 88
6 29 41 35 5 62 84 36 5 45 0 13 57 67 99 57 93 9 79 44 67 7 55 74 89 47 90 91 54 21 44 2 28 78 21 74 22 76 57 89 64 42 3 53 64 70 18 84 61 76 84 2 50 43 88 33 33 32 47 12 62 15 98 47
87 1 82 84 51 40 91 75 62 63 19 18 1 9 55 74 71 49 17 77 93 48 58 64 3 79 95 32 27 5 86 80 36 23 91 66 55 64 24 15 12 81 87 34 20 12 18 33 74 27 63 12 38 20 57 46 76 82 32 3 34 96 90 98
80 83 11 57 25 18 46 7 69 53 57 65 9 52 2 95 88 71 34 32 6 55 19 35 90 81 17 32 54 66 2 70 27 85 58 31 6 60 15 29 8 17 42 90 50 38 88 90 51 69 89 58 59 0 46 12 78 72 49 60 4 55 8 88
70 47 36 42 6 1 81 7 37 69 75 12 57 22 93 26 26 18 60 26 27 88 79 38 7 68 42 19 9 11 3 15 54 2 21 9 42 9 71 43 35 69 10 69 15 91 60 95 35 13 76 76 47 73 78 81 74 40 50 13 63 92 65 13
84 41 24 43 39 90 40 2 91 44 21 46 22 83 33 65 58 1 0 4 6 13 64 46 41 86 63 53 38 84 26 34 31 47 90 55 65 43 28 34 78 74 89 88 0 74 64 23 20 17 32 39 72 36 93 57 61 57 69 30 50 75 46 18
83 74 23 89 41 83 40 48 80 43 78 69 76 1 49 76 49 64 71 32 1 99 93 80 51 65 67 54 13 51 54 98 40 81 66 99 68 45 46 95 6 37 78 17 6 58 7 74 31 7 4 89 44 37 89 83 61 28 40 47 72 24 91 82
