75 38 51 5 60 9 11 42 62 66 25 93 30 52 80 66 46 20 88 27 94 75 34 95 65 40 4 42 47 4 91 87 21 5 41 61 34 83 31 69 74 45 12 5 14 20 0 37 5 8 91 57 97 32 21 52 47 65 57 11 25 59 12 5 49 32 50 3 64 5 85 97 45 50 18 67 9 63 69 10 16 0 91 21 72 16 95 12 95 33 39 49 99 1 76 99 43 9 35 99 86 60 0 14 22 10 12 38 29 20 20 55 61 86 17 51 61 93 14 38 85 92 12 69 28 56 9 3
78 58 67 10 62 17 99 43 18 61 74 55 87 43 48 31 99 83 12 65 94 13 68 18 60 37 6 30 67 32 63 72 52 54 92 64 41 84 9 57 23 15 7 87 27 68 42 65 24 63 11 52 59 17 25 21 41 0 75 80 7 3 48 20 86 53 69 3 19 35 75 34 87 25 29 69 74 75 61 91 92 36 64 82 1 5 51 36 88 51 5 14 96 17 2 57 50 95 91 60 19 49 83 89 52 17 74 11 73 96 96 46 87 98 39 46 43 2 5 7 41 66 33 76 1 74 32 46
63 44 33 35 85 12 2 45 33 30 41 0 25 63 54 27 87 83 65 89 42 91 19 54 55 35 67 89 95 8 80 18 65 7 60 16 23 4 88 35 92 52 30 64 69 54 57 12 43 63 53 93 64 71 11 60 25 47 31 90 18 13 65 23 59 1 29 40 80 57 24 29 28 95 49 8 25 22 56 18 87 94 52 52 69 5 30 56 33 86 54 3 72 2 17 10 58 24 20 31 58 98 76 78 24 35 70 4 16 93 13 45 95 65 67 72 34 91 14 32 77 47 22 5 84 42 4 52
11 59 64 44 51 72 77 1 43 76 98 59 53 65 2 59 20 4 49 23 60 6 74 13 26 35 97 67 28 65 83 4 16 50 40 79 24 82 26 89 32 12 74 61 6 67 45 42 89 81 18 50 38 84 8 30 72 71 75 75 30 36 72 88 18 0 25 56 43 62 1 7 30 77 67 9 31 73 32 20 41 84 53 64 39 99 65 4 19 28 22 56 50 21 87 96 8 83 99 67 30 97 37 65 74 73 85 99 19 84 36 24 79 19 1 0 79 86 95 45 76 95 71 91 58 3 66 25
88 84 10 78 1 80 15 18 7 52 28 64 16 45 15 79 45 80 94 35 5 53 46 9 2 80 58 0 39 11 39 83 34 76 58 24 50 42 21 56 54 45 31 9 58 63 40 20 35 72 65 11 25 43 16 39 96 0 1 15 94 80 3 11 68 40 0 99 23 1 67 78 30 22 49 87 24 16 61 90 85 49 14 71 46 18 68 9 57 84 56 41 24 89 9 53 70 33 15 15 47 91 5 18 67 67 33 31 35 17 7 38 66 37 35 93 42 14 66 99 46 70 57 77 54 83 50 26
22 37 4 87 79 96 49 0 61 36 71 66 24 90 56 15 60 21 87 54 60 59 86 79 59 22 82 43 81 5 67 69 50 23 77 13 17 3 33 25 43 67 46 91 75 42 60 45 21 63 11 11 59 51 78 99 68 63 69 3 58 34 61 73 10 18 42 9 2 39 55 60 79 4 11 30 51 68 66 41 1 79 35 30 79 83 37 56 89 98 50 91 27 88 61 61 15 42 47 85 83 21 15 59 46 87 18 72 38 78 2 25 51 86 44 53 74 18 8 80 64 49 31 51 44 38 79 13
21 46 84 13 43 23 51 30 44 67 24 53 13 53 21 94 38 63 65 93 48 69 43 83 43 82 85 55 60 99 42 63 96 18 86 33 18 31 63 70 64 50 43 97 48 97 82 2 63 63 79 9 59 85 71 26 18 32 68 88 17 76 34 74 55 26 73 64 70 50 24 47 87 75 55 55 2 38 54 5 4 95 59 90 53 81 55 38 99 8 37 80 86 25 8 16 11 20 51 13 4 4 16 79 28 64 61 45 23 22 42 54 67 20 93 7 70 32 31 17 74 52 47 11 24 52 76 32
27 5 34 89 13 88 70 57 83 38 35 99 60 94 59 10 8 28 29 46 16 75 51 76 10 54 52 82 43 87 16 87 85 52 69 48 35 71 25 71 40 27 4 65 82 53 74 63 90 75 89 79 66 27 72 3 50 82 94 60 7 38 19 11 2 84 28 92 98 21 26 58 45 10 77 18 1 20 49 28 85 81 20 36 33 38 20 55 27 97 56 62 58 69 13 83 0 46 95 10 80 98 96 36 60 76 70 79 35 1 4 34 13 32 79 14 45 53 81 93 1 84 80 62 61 39 73 51
17 48 11 57 41 44 45 42 88 12 99 4 6 81 12 98 39 52 41 15 32 96 89 84 53 76 51 93 65 33 12 33 72 22 38 64 70 69 84 9 59 31 18 57 91 97 40 81 70 22 43 58 45 74 96 16 71 57 8 73 22 69 20 8 60 95 61 48 73 43 47 98 21 26 77 76 35 76 62 81 66 40 68 72 96 57 8 94 52 67 77 15 51 21 62 52 90 85 42 43 6 98 55 33 44 45 35 61 4 89 32 68 44 4 51 59 96 36 79 37 21 34 82 81 7 30 33 33
13 28 61 34 91 52 93 24 13 90 17 0 74 42 90 32 38 5 68 89 23 26 70 51 34 47 97 67 86 45 1 64 40 27 99 44 31 76 84 45 87 43 3 19 79 54 45 96 39 85 31 72 61 57 22 69 58 89 37 40 39 44 34 57 7 45 72 75 75 17 62 1 9 26 37 5 83 27 47 72 96 48 85 37 55 64 15 5 5 26 5 6 62 40 10 27 33 0 61 89 46 20 59 99 19 15 2 1 17 97 28 84 69 3 80 69 27 54 65 82 64 37 28 76 75 52 55 83
40 25 43 44 77 80 25 60 26 40 22 15 97 49 71 35 5 47 89 44 67 89 23 63 23 45 10 39 35 82 81 0 56 84 5 79 13 94 97 8 1 91 77 28 47 54 27 76 62 90 92 71 69 29 80 55 16 46 3 82 91 24 41 30 81 81 41 10 39 19 52 0 53 10 22 18 77 91 78 29 53 49 95 8 7 86 6 57 59 74 5 39 31 13 94 71 22 13 3 35 90 24 94 30 65 1 96 87 34 85 58 3 93 94 71 63 30 21 67 67 56 50 5 73 86 19 55 41
61 60 14 74 80 40 62 95 43 2 84 5 75 77 17 12 61 62 34 3 26 48 68 46 29 34 83 29 51 51 99 25 60 44 66 8 21 68 86 57 57 92 8 43 68 23 88 37 78 76 68 97 45 2 29 93 59 70 7 96 73 2 9 80 19 55 26 51 44 62 26 54 58 35 76 47 77 97 50 73 67 54 14 17 77 9 76 31 60 24 43 32 1 83 8 98 57 77 85 23 74 47 35 29 51 5 48 43 82 19 47 66 34 84 56 35 59 74 42 73 68 1 26 46 35 83 14 79
75 68 46 10 87 30 71 99 5 11 48 21 88 50 59 9 61 71 86 3 91 34 83 58 75 65 68 34 29 61 53 65 85 47 97 12 68 78 50 32 47 90 16 66 45 93 96 69 16 7 43 92 68 4 22 32 73 26 32 92 66 60 87 49 97 69 51 61 7 54 41 87 85 37 46 12 50 34 83 46 51 84 28 28 46 34 84 76 98 73 48 0 7 81 58 81 28 53 82 13 0 71 24 65 19 38 15 15 59 43 89 66 48 74 16 94 29 45 51 75 83 94 27 90 71 34 68 94
85 94 61 94 11 96 29 14 76 82 48 27 89 45 95 61 49 94 61 88 27 28 14 70 10 86 3 0 80 85 51 86 37 95 34 54 9 63 22 47 87 44 13 48 43 43 57 50 82 21 72 29 79 88 70 90 0 55 0 79 42 62 1 17 66 98 95 87 27 30 63 18 27 53 32 52 61 43 25 81 94 36 7 40 7 7 55 45 68 71 70 7 2 25 61 64 74 90 66 73 67 37 24 0 45 76 82 55 0 53 62 79 86 51 64 57 39 63 2 2 25 22 5 68 41 83 95 6
31 93 42 73 68 7 37 63 80 51 48 25 27 16 48 35 3 93 79 75 78 22 62 28 11 77 79 50 44 35 25 69 17 96 68 61 44 72 53 37 11 5 68 80 44 88 66 94 48 10 3 6 0 75 40 1 97 99 67 26 47 48 81 38 69 58 52 49 74 62 98 33 89 59 16 0 57 1 66 35 10 67 74 1 92 14 79 50 82 21 78 0 23 7 38 84 6 77 59 73 7 46 20 22 17 56 57 39 21 33 6 26 24 9 26 27 5 14 77 16 92 93 4 71 69 47 36 51
60 19 93 60 67 56 70 50 50 7 8 81 77 68 42 63 72 36 18 70 74 11 15 26 47 67 37 2 59 49 27 86 89 81 7 84 87 62 76 97 64 98 15 57 69 14 75 38 81 11 47 36 5 57 71 68 22 12 88 10 42 61 31 76 59 88 36 92 15 97 1 29 21 19 11 22 97 49 87 82 69 41 7 86 39 49 89 65 76 60 82 21 40 56 9 44 55 29 58 7 8 21 84 74 68 59 54 67 50 56 29 73 84 31 43 45 30 2 80 10 43 28 19 11 2 2 31 33
42 13 91 24 47 15 83 81 30 72 62 33 99 75 28 33 37 16 61 5 56 37 68 60 28 76 39 22 53 80 60 35 22 38 83 83 98 86 68 48 6 73 91 3 67 44 75 3 14 81 24 9 1 81 64 95 62 77 43 37 20 65 40 87 15 23 88 13 96 32 99 38 32 13 31 96 32 8 13 38 38 60 94 31 37 79 51 66 89 64 3 50 88 33 90 48 88 57 68 83 11 58 85 55 54 99 97 19 37 41 25 54 22 68 47 32 72 29 50 40 25 32 39 78 96 99 37 46
99 89 49 64 7 57 36 20 94 43 55 44 46 60 0 58 77 19 80 98 96 17 46 78 76 72 85 11 42 74 51 42 38 42 21 7 68 23 69 31 89 90 96 1 97 19 71 93 71 10 87 22 5 85 33 43 91 68 4 98 10 62 8 73 89 69 3 35 22 21 43 5 86 93 20 63 84 49 51 22 51 13 62 89 96 38 46 13 85 28 99 45 92 9 98 37 83 52 23 79 59 67 65 48 7 53 4 2 84 39 98 24 22 52 51 67 6 77 2 99 51 74 34 67 81 67 96 48
33 26 48 79 4 7 61 73 89 64 36 56 81 86 50 14 76 54 6 30 85 87 30 81 47 96 39 45 63 58 89 23 14 68 66 4 64 67 37 26 20 57 57 18 0 23 42 56 61 70 37 32 82 46 21 59 36 49 46 5 14 80 66 82 84 49 80 62 72 1 86 35 43 45 42 4 40 62 70 24 77 35 29 91 75 36 0 38 60 0 28 36 64 40 45 94 22 54 9 75 76 11 81 21 75 75 30 70 28 24 55 26 3 30 47 42 87 25 62 62 26 70 4 4 49 69 44 56
50 93 53 38 3 12 96 21 27 87 28 79 28 47 14 2 57 39 32 42 77 97 77 99 49 35 6 32 92 19 80 92 31 3 76 43 84 67 98 21 72 1 84 11 2 52 97 28 90 68 1 47 13 17 38 82 75 76 31 38 9 1 26 48 62 77 23 84 16 60 34 72 17 98 77 92 27 90 10 22 46 48 27 57 5 2 84 52 65 95 21 83 61 94 82 15 52 8 84 43 45 77 65 97 99 15 41 54 85 63 14 36 70 18 77 33 63 36 92 26 54 74 42 84 87 64 21 72
35 35 66 13 37 28 72 86 71 69 67 12 14 17 21 9 54 44 2 43 22 84 72 81 8 1 91 3 17 33 69 23 35 56 21 86 69 35 25 68 17 17 87 76 67 6 85 56 34 82 9 29 39 53 38 77 53 53 71 77 91 20 53 14 21 6 30 69 51 74 39 24 14 84 20 2 81 97 29 18 79 13 35 57 91 21 10 53 67 7 41 9 10 60 47 0 78 87 26 73 58 46 19 90 31 98 43 50 99 90 10 48 8 15 94 43 37 84 90 39 36 12 90 91 38 28 71 8
91 0 67 47 33 96 94 0 90 31 84 58 86 41 94 30 78 18 29 56 96 55 1 74 27 90 26 0 92 73 63 22 78 11 38 16 77 78 27 54 90 31 71 69 35 71 89 51 0 68 36 79 33 25 41 58 33 51 15 66 22 83 4 61 70 48 19 54 40 12 69 0 4 6 43 5 43 7 82 22 22 32 82 32 69 74 73 96 54 52 86 80 38 90 7 0 91 80 29 24 3 75 15 16 93 33 15 44 98 19 51 86 85 58 60 34 76 13 4 57 95 40 48 26 85 48 33 62
4 48 54 25 97 78 26 7 13 83 74 25 13 5 45 95 57 85 78 67 6 54 9 11 49 64 71 87 40 67 15 19 21 93 12 25 54 67 31 29 93 88 14 22 99 66 67 18 54 85 93 91 48 46 96 57 87 62 18 29 25 21 9 53 79 80 32 10 76 52 31 68 77 32 63 79 6 31 65 42 14 99 92 22 3 76 20 65 53 59 32 72 67 17 82 32 91 56 35 5 27 75 22 53 66 86 72 6 18 84 74 94 94 44 43 62 81 21 66 61 85 40 42 1 15 71 34 69
73 42 33 12 74 61 47 8 4 46 13 66 3 10 43 82 51 13 61 56 66 32 30 42 55 44 66 32 44 17 63 70 26 37 59 44 58 64 55 26 84 23 24 43 21 79 31 23 96 43 8 52 86 10 82 29 62 45 66 36 28 81 12 13 37 20 14 58 29 65 61 5 13 61 63 22 55 99 1 54 67 15 44 18 47 80 77 19 75 35 56 63 14 74 3 47 22 14 51 10 63 8 10 57 17 99 98 53 33 30 71 11 19 42 20 25 48 34 87 8 7 89 3 45 98 89 31 88
85 10 58 73 98 35 11 6 73 53 54 38 97 89 33 18 80 43 75 42 90 23 52 83 49 48 28 28 85 31 64 9 19 35 3 32 0 74 35 29 10 24 80 51 40 33 20 65 70 7 70 64 92 50 95 60 19 71 72 13 64 53 16 82 97 71 19 23 2 22 78 14 85 55 7 75 45 11 75 49 72 56 22 85 61 49 38 19 39 18 55 39 53 56 46 92 57 59 33 97 17 46 91 53 92 34 72 75 42 55 79 60 79 52 2 78 96 8 51 90 31 76 18 14 84 68 7 65
79 80 38 51 4 68 65 64 82 44 95 14 8 88 8 74 8 37 58 74 67 98 8 95 43 81 29 87 53 21 36 5 6 26 45 68 68 15 22 6 69 93 29 20 82 2 60 1 9 91 71 63 46 30 50 19 72 92 53 6 62 0 4 98 54 95 88 43 89 32 13 32 1 90 82 31 89 25 3 12 93 49 11 45 0 32 43 80 87 44 6 37 81 72 33 22 64 29 96 82 73 20 2 7 42 99 13 74 95 79 64 79 62 15 25 82 41 66 16 22 18 93 0 50 0 94 38 72
20 73 15 24 45 68 61 30 77 10 22 2 34 59 52 84 44 27 91 28 94 45 76 33 63 42 59 57 92 50 56 21 32 57 58 96 74 77 62 19 33 22 25 63 54 33 9 87 80 37 81 22 17 32 13 9 79 83 19 56 57 45 84 7 89 54 25 98 10 2 97 68 64 6 74 77 52 49 16 61 70 1 40 6 40 49 79 76 83 7 58 49 15 80 81 16 1 17 76 12 11 27 56 12 90 64 37 55 64 10 75 53 61 88 33 89 72 92 77 8 41 35 66 86 39 68 18 24
99 33 54 97 67 31 26 6 44 41 23 98 85 93 10 18 9 19 89 41 60 49 28 78 61 45 9 87 61 49 23 4 66 5 85 58 60 16 49 98 29 39 6 87 92 65 32 12 25 0 13 56 77 46 86 40 72 89 16 0 11 10 17 21 62 51 41 77 37 54 31 48 65 11 33 80 65 1 81 78 0 59 0 48 73 27 84 6 98 69 6 89 5 71 56 0 74 20 35 74 51 72 19 4 91 96 32 93 5 56 64 4 85 62 15 80 19 30 73 76 26 5 55 89 91 92 31 5
97 24 28 12 46 15 14 75 74 83 72 81 85 59 35 43 90 1 62 33 18 73 99 34 19 55 39 18 93 95 40 10 6 44 40 3 53 30 51 10 54 28 83 13 97 31 22 7 75 79 40 98 97 61 51 72 35 23 24 29 5 13 51 61 46 91 27 40 23 83 6 46 44 0 63 97 58 23 4 32 92 43 66 40 56 1 65 94 78 53 68 24 18 90 62 52 27 27 37 73 95 23 75 41 74 64 89 70 90 84 64 20 6 75 15 32 40 13 48 71 59 71 24 56 36 1 76 65
2 34 97 70 70 92 96 71 32 51 14 65 96 76 41 20 14 92 27 65 15 24 52 24 41 81 94 43 75 93 74 66 1 4 55 66 44 79 31 41 46 9 99 33 88 97 53 10 45 63 69 20 45 54 18 22 26 43 36 95 74 95 23 85 34 30 64 85 36 38 51 8 50 10 6 89 59 22 38 38 38 79 21 79 54 37 40 45 24 58 44 41 15 40 90 53 34 57 55 65 9 32 97 31 5 49 51 30 30 84 25 83 78 72 77 24 12 28 66 75 7 60 43 86 3 21 78 53
20 37 57 5 48 28 36 12 82 15 7 31 15 61 39 71 49 68 68 87 16 96 61 89 95 67 20 78 64 92 9 88 87 91 65 97 41 64 25 29 75 3 86 6 63 94 70 72 52 78 64 93 49 47 7 20 8 35 14 14 65 43 79 85 89 94 93 15 53 11 69 47 90 98 39 45 9 76 3 37 70 20 17 6 42 24 90 37 91 32 65 76 82 49 56 38 37 7 29 49 75 23 96 71 21 81 5 76 34 25 98 63 98 6 29 63 44 46 9 88 26 87 65 50 40 78 98 4
6 27 11 44 98 42 97 38 17 89 15 20 33 75 43 11 39 62 17 71 33 27 1 34 40 79 7 93 61 83 80 15 3 35 6 69 65 91 18 42 6 49 78 96 51 14 17 42 28 8 69 97 19 7 17 80 82 78 23 90 77 69 71 69 44 49 74 36 80 97 58 96 57 77 79 15 51 86 37 68 64 22 49 79 14 65 6 83 40 75 67 19 91 56 73 47 91 34 54 6 87 37 92 27 21 75 66 84 78 59 61 77 15 67 80 27 80 97 31 60 12 97 7 16 15 90 55 86
58 88 18 36 18 47 87 38 79 12 98 35 67 53 62 35 10 83 61 36 53 62 23 59 85 14 70 39 68 72 5 47 59 82 54 14 58 92 5 53 81 74 69 76 93 8 45 69 40 48 33 22 92 70 97 60 81 14 40 92 14 22 88 99 18 60 0 15 82 26 39 39 89 73 41 35 60 18 36 14 15 75 28 54 86 4 3 60 50 15 67 72 16 91 85 16 76 41 28 98 35 87 25 80 4 23 13 3 18 14 13 26 59 29 50 39 11 64 55 59 70 66 58 90 15 11 63 79
77 72 72 94 96 2 73 77 45 60 22 70 76 98 88 74 76 29 17 52 56 30 46 69 92 6 62 37 70 77 46 71 3 71 55 12 21 62 82 1 96 20 9 46 8 7 56 41 30 68 46 9 8 53 66 72 72 30 12 35 28 61 0 23 20 71 45 19 42 47 81 3 55 65 41 48 87 18 27 38 35 20 31 28 97 19 40 1 20 87 75 26 29 38 35 73 53 68 74 46 83 44 84 14 8 82 85 22 74 96 25 77 89 0 4 13 79 85 54 3 21 27 9 84 77 13 80 66
36 55 75 80 9 86 48 66 95 33 81 44 94 38 48 6 33 47 97 51 51 1 44 60 69 77 6 57 78 34 41 67 9 37 13 75 72 3 44 17 82 95 9 88 13 56 22 36 7 54 35 98 29 84 63 69 68 28 32 2 71 55 88 60 2 19 71 75 88 95 57 44 85 4 47 70 48 65 53 28 49 64 52 11 0 3 23 37 14 83 48 61 93 90 11 45 61 5 9 0 15 69 66 12 78 94 93 79 80 26 57 58 9 74 81 34 0 71 32 25 43 33 76 87 48 12 96 58
44 99 21 20 12 23 56 30 15 30 36 50 80 22 16 1 72 1 74 13 22 67 5 76 27 78 38 4 28 36 18 51 34 70 88 53 43 58 12 44 93 4 6 6 30 61 57 33 18 60 95 44 45 17 92 83 58 34 37 28 42 95 76 15 80 69 52 88 25 87 41 48 79 59 85 60 14 88 79 16 78 20 79 32 54 71 39 31 85 43 93 46 90 26 26 32 81 5 32 49 32 82 65 0 2 33 16 21 40 13 92 1 71 77 81 61 62 27 69 17 31 5 57 5 26 86 23 75
74 19 49 9 90 86 61 62 23 72 58 3 58 17 45 36 93 96 85 69 35 57 35 92 10 4 12 11 58 24 65 6 59 47 94 7 46 6 56 21 94 11 67 70 48 23 7 95 88 62 57 62 65 91 86 50 80 33 24 14 48 58 27 96 50 41 52 37 2 48 79 2 30 74 37 52 95 79 57 80 69 51 25 51 70 10 48 62 22 72 97 3 77 27 4 10 10 23 78 55 99 90 42 38 34 66 57 23 73 26 34 89 81 47 46 39 31 93 9 44 30 74 75 39 80 8 6 44
71 38 74 94 56 0 65 53 0 93 94 87 73 11 92 53 1 86 66 62 68 80 38 0 51 38 8 70 49 43 38 66 8 28 78 74 9 54 75 46 85 92 90 29 71 10 13 18 62 87 39 2 27 79 77 12 3 4 41 48 63 43 7 78 7 45 1 1 24 43 84 0 18 57 63 60 37 71 89 74 19 22 97 57 63 19 56 17 62 23 9 67 72 3 61 85 51 7 32 59 54 17 47 0 10 91 30 65 16 96 74 33 91 30 23 40 95 17 28 28 44 31 52 86 62 67 29 88
95 31 80 84 8 2 59 80 72 22 91 8 73 67 45 4 92 94 21 24 66 34 31 44 20 68 75 64 25 45 32 33 10 29 57 55 0 98 64 33 15 80 6 41 1 37 98 63 97 80 69 77 45 15 36 97 99 87 88 6 70 64 54 38 54 36 58 17 13 94 54 31 88 36 58 44 97 13 71 24 47 5 3 6 9 13 0 75 53 40 98 30 32 65 29 24 38 29 32 75 48 20 72 2 55 13 71 19 59 93 43 90 7 61 53 14 54 71 47 37 60 15 84 48 48 55 22 65
74 50 7 69 10 81 10 47 12 34 2 8 43 82 59 64 25 18 54 99 81 11 61 65 30 41 21 44 14 38 98 77 59 82 25 70 76 47 48 57 46 1 21 73 98 48 15 98 30 86 70 23 30 63 32 47 2 23 61 36 35 96 22 67 69 79 66 31 76 24 80 71 42 56 93 22 61 56 83 42 66 30 57 61 93 33 15 73 46 16 21 90 16 96 86 64 49 32 67 51 62 49 89 89 87 56 73 25 71 80 22 34 44 19 26 25 79 79 20 67 28 20 98 25 20 51 93 33
1 95 67 2 32 20 57 41 88 95 22 0 66 78 69 81 60 19 13 92 84 46 24 83 95 85 27 71 15 72 56 8 49 24 38 82 39 25 58 76 93 3 94 16 74 54 32 72 13 30 13 93 12 80 60 39 81 41 73 67 92 81 13 37 10 10 76 94 36 96 53 46 87 85 82 52 46 76 85 87 86 63 90 26 52 56 97 40 2 85 53 23 10 67 97 72 72 36 13 97 28 30 93 40 13 3 23 91 60 18 94 47 21 86 52 71 44 28 14 92 70 59 91 3 68 91 65 17
22 64 82 0 38 71 16 95 11 49 83 49 92 5 78 1 8 78 97 61 35 94 77 21 97 21 59 26 70 66 20 75 54 31 81 70 88 67 8 68 47 21 62 9 77 75 47 99 51 96 55 40 30 73 9 7 20 22 73 82 85 70 44 34 88 37 37 40 64 69 2 80 63 29 8 24 53 62 15 1 54 4 74 81 27 30 2 48 66 99 21 36 90 7 69 19 78 59 39 33 52 40 83 53 58 75 64 81 23 84 83 17 23 58 62 4 58 42 8 88 38 64 36 95 83 16 48 52
45 78 37 79 87 63 68 35 56 27 99 69 65 45 61 57 39 70 15 61 26 82 99 45 24 59 1 2 30 65 56 25 37 51 22 36 43 14 69 73 93 6 16 76 85 72 93 7 25 58 27 25 61 36 26 62 19 87 76 73 87 65 58 63 90 34 95 37 58 64 5 21 60 75 3 19 66 49 44 5 3 95 27 57 71 66 5 69 55 23 28 6 41 3 72 60 65 2 70 36 71 73 54 1 56 23 46 12 86 39 41 91 68 1 11 9 14 44 36 8 40 26 34 18 61 99 44 46
64 52 39 12 11 48 85 74 16 96 82 26 40 27 86 0 56 59 90 64 0 20 6 90 84 97 4 41 31 69 3 56 46 19 46 1 23 53 0 41 20 24 72 83 0 62 91 90 48 94 25 14 19 0 43 86 87 60 4 98 13 44 77 93 74 92 59 47 84 35 37 65 57 93 5 42 24 94 25 61 75 87 10 21 85 40 23 11 47 15 49 36 78 3 30 71 71 26 7 80 36 70 66 27 51 28 51 9 90 51 5 27 57 54 55 9 28 11 80 63 3 35 60 61 13 15 53 92
11 55 4 63 36 95 55 51 61 91 83 5 80 62 77 12 2 6 10 61 78 40 17 17 61 3 87 14 74 32 14 65 40 12 56 70 12 99 51 22 82 23 35 58 36 46 81 61 70 6 54 63 15 98 39 25 98 31 37 10 35 51 1 65 8 10 95 9 28 33 30 6 83 19 99 38 14 41 86 79 13 80 59 56 35 61 57 46 40 20 29 2 42 14 31 63 85 12 64 20 83 1 71 62 11 91 68 33 24 65 80 82 98 85 28 12 10 80 46 42 37 40 58 11 47 85 77 2
30 31 59 3 52 37 24 51 42 3 18 34 12 2 2 78 54 3 17 43 74 3 32 38 61 16 55 83 53 72 82 78 36 68 21 68 91 44 42 43 48 43 7 95 23 36 23 37 33 38 80 26 0 66 81 36 14 56 58 71 92 76 51 27 6 85 32 47 79 41 54 52 97 49 6 55 25 25 76 94 58 20 69 21 81 44 58 95 48 68 51 25 83 73 97 19 59 40 71 75 59 87 4 61 93 39 96 46 87 60 69 76 96 71 16 18 7 20 64 19 96 66 11 95 27 49 63 26
67 8 53 12 79 51 10 15 75 65 14 29 39 79 25 72 92 27 0 74 82 76 59 19 84 28 78 60 69 95 49 75 0 83 6 29 40 48 60 4 44 74 68 45 26 73 40 2 69 45 61 99 21 69 35 30 72 85 56 10 63 15 44 50 17 49 8 89 61 33 29 32 48 83 49 56 93 77 5 78 56 55 9 11 41 34 81 13 47 76 75 9 87 36 35 87 94 40 48 61 3 67 39 17 51 86 69 98 9 18 4 16 43 37 3 62 94 35 55 7 76 68 30 37 47 61 48 63
30 38 94 66 1 7 61 86 29 69 28 2 21 90 84 34 96 42 7 53 54 16 54 87 62 59 73 80 50 71 14 54 29 50 94 92 65 42 38 88 61 42 49 39 36 11 79 77 4 73 46 35 19 47 13 51 90 12 95 80 28 70 25 91 53 1 84 9 23 1 60 17 70 15 38 33 59 16 68 75 83 75 33 44 54 34 4 37 85 12 69 5 55 38 51 93 4 73 96 34 26 88 48 91 21 83 13 98 22 62 52 52 95 97 98 44 17 70 49 53 67 62 29 36 91 18 53 43
29 82 66 69 98 58 29 12 28 34 55 7 99 51 82 65 3 6 94 87 75 89 51 51 26 93 74 49 10 41 89 98 37 47 99 76 43 64 72 31 76 43 12 6 98 55 99 76 30 24 84 47 27 87 8 64 7 98 39 40 27 37 16 45 67 86 52 0 49 25 63 35 42 11 86 4 27 46 37 15 76 74 5 81 40 95 84 20 81 88 9 36 48 97 88 35 73 34 34 51 29 98 57 36 29 14 40 21 79 95 99 90 86 31 55 30 4 15 95 36 73 71 12 90 9 1 16 71
11 74 91 76 11 35 55 99 98 47 64 22 19 5 55 12 79 97 5 22 82 62 60 3 70 86 75 47 3 84 4 98 9 7 61 51 1 38 30 1 50 42 11 2 93 97 34 87 81 43 43 63 3 18 71 96 52 44 19 86 5 70 76 64 74 98 81 90 24 17 6 23 33 79 30 65 91 80 88 50 73 61 42 61 77 25 45 88 81 71 18 65 12 72 69 24 79 49 36 70 33 21 38 18 11 90 90 71 96 50 22 59 47 67 62 74 15 75 30 79 49 34 84 45 28 33 30 18
14 96 69 78 12 35 1 51 82 14 24 38 28 37 23 39 11 76 34 46 95 96 54 82 93 14 71 32 85 67 17 72 1 92 85 27 3 31 84 10 10 94 83 20 97 64 61 2 80 95 45 61 50 8 20 49 41 5 51 45 99 24 64 54 91 51 47 75 66 78 49 82 87 22 19 64 78 43 79 41 38 53 9 28 49 71 77 77 2 38 70 30 25 12 47 87 89 81 39 81 27 0 57 34 57 11 88 28 67 88 66 57 43 20 90 24 75 95 46 51 51 58 38 97 94 90 70 71
9 32 91 34 9 51 72 68 26 48 69 93 21 9 0 54 96 35 95 48 10 88 62 22 98 48 70 51 35 83 93 23 36 69 36 63 65 29 20 21 18 7 99 21 95 5 72 53 62 74 82 31 95 88 41 40 98 96 42 28 86 56 7 80 62 79 15 16 21 60 82 4 55 91 27 56 6 37 62 58 55 37 22 54 89 2 77 93 40 73 25 6 17 0 56 32 57 41 66 2 7 53 24 45 26 16 3 32 86 86 87 71 98 37 94 45 8 33 51 90 58 73 23 11 81 58 74 35
72 51 69 93 62 5 64 17 50 73 55 85 9 14 87 93 35 17 82 6 31 96 25 63 34 58 39 17 63 54 13 81 24 87 78 12 62 83 82 69 88 81 48 12 4 56 88 48 17 30 39 4 53 79 64 34 55 44 88 0 78 6 41 82 9 83 11 3 88 7 69 19 73 66 84 85 49 13 89 95 51 21 46 68 70 76 22 12 45 79 12 35 84 86 87 28 82 18 39 69 94 61 55 4 22 44 75 21 99 4 85 43 78 6 85 3 40 2 84 48 58 58 91 20 39 99 24 81
75 49 73 91 56 16 33 58 48 24 20 49 15 1 99 63 53 37 64 81 51 5 1 69 52 88 63 45 40 4 97 12 74 93 17 14 42 55 44 24 46 25 78 66 65 34 90 13 50 37 99 40 95 84 75 10 91 26 96 78 42 17 80 25 21 36 22 36 19 26 53 16 55 33 28 32 23 96 73 57 72 57 21 0 36 98 13 77 28 22 99 79 30 90 40 11 37 96 35 68 26 36 29 18 0 82 7 40 17 44 74 26 75 6 74 5 74 66 73 33 21 67 42 70 50 70 84 58
21 10 16 36 61 75 80 61 68 71 17 41 47 45 75 76 18 75 70 23 17 37 88 23 86 91 32 58 17 6 65 99 19 85 55 96 47 91 66 53 48 82 75 36 34 5 78 71 16 93 72 36 43 26 48 2 22 71 40 52 59 51 62 49 80 16 60 31 53 57 25 63 16 79 31 31 75 3 43 45 75 27 57 25 82 67 40 56 35 5 70 52 15 81 20 12 9 25 59 42 30 15 99 42 82 53 12 28 27 98 30 1 86 48 15 34 46 59 66 75 18 84 64 83 23 62 51 2
83 8 42 59 92 52 59 95 76 87 65 62 81 35 10 15 70 98 87 3 79 94 19 40 15 11 41 65 40 61 40 69 95 70 19 66 7 47 60 83 3 4 6 54 39 9 78 6 89 7 35 90 36 72 65 67 87 90 56 3 60 0 68 42 12 59 71 5 44 21 64 63 66 67 96 31 97 84 20 84 33 17 40 15 45 27 45 66 19 43 32 74 46 90 58 77 2 86 28 94 33 88 45 26 80 85 52 56 82 38 2 54 57 28 15 3 87 19 12 58 76 24 96 95 51 72 45 24
99 7 22 45 64 22 10 40 84 81 54 97 48 7 13 25 84 70 14 2 76 92 64 18 7 67 48 21 2 27 54 4 48 31 19 28 13 23 19 86 1 38 94 25 42 55 83 14 34 17 76 35 26 49 22 37 57 34 38 63 35 8 3 46 93 83 93 68 94 91 80 83 16 1 32 75 12 24 61 62 89 92 76 69 12 88 27 45 10 70 21 71 56 21 26 64 21 81 60 51 5 41 77 84 36 65 6 44 52 71 2 17 28 1 22 60 21 51 6 72 27 64 16 64 94 2 27 6
87 61 18 87 76 94 25 40 58 98 18 45 68 50 40 29 39 44 72 45 23 25 38 75 43 9 99 48 63 75 91 7 90 78 63 61 76 59 71 76 16 24 96 29 16 50 50 23 66 54 0 59 67 2 79 13 90 23 76 18 35 84 73 90 79 88 12 2 45 39 94 34 23 38 49 73 86 61 13 59 98 19 1 48 2 86 80 70 60 93 90 58 1 21 46 95 70 9 64 36 25 90 88 83 71 64 18 14 28 47 14 6 58 33 1 19 9 30 69 55 31 19 56 22 8 26 10 13
40 23 45 78 28 67 8 67 85 52 3 35 96 41 50 16 72 66 9 22 82 8 91 22 69 3 51 35 47 65 99 21 64 64 86 77 41 27 68 7 77 59 68 22 7 80 86 20 99 6 45 92 16 17 70 61 71 52 69 52 62 5 79 12 63 19 26 12 91 7 80 1 6 98 15 31 71 53 63 94 50 90 82 24 34 95 62 68 98 49 59 88 23 40 93 88 73 90 94 54 12 12 30 99 19 56 75 41 45 98 88 5 91 68 1 26 73 0 31 26 63 72 35 99 52 25 98 72
2 57 63 36 55 36 29 9 29 33 80 55 33 4 96 44 94 21 45 21 41 67 75 83 39 58 82 11 91 65 79 32 97 90 38 67 40 30 38 22 51 73 63 34 87 84 58 5 7 92 49 28 39 9 61 4 83 32 32 52 86 26 2 19 87 97 51 31 87 78 68 13 44 57 16 58 46 53 52 21 65 91 98 27 29 78 37 36 75 91 93 88 30 83 8 37 59 36 77 40 96 59 65 44 17 93 31 85 89 10 47 55 2 8 42 63 41 89 86 83 94 13 82 66 26 44 41 63
84 19 74 3 34 12 72 54 70 9 11 56 88 95 6 60 22 89 75 32 53 71 90 87 43 93 55 31 27 14 3 28 5 41 31 72 13 88 96 37 3 89 34 76 86 87 9 81 68 10 13 5 86 34 16 12 25 52 78 36 2 5 7 62 33 12 55 92 64 16 61 87 52 52 30 11 49 81 1 76 96 28 42 33 61 90 70 42 10 75 77 75 37 99 26 92 11 5 50 20 62 26 36 97 43 82 34 17 76 95 9 8 12 33 87 72 13 13 44 34 66 86 50 15 39 28 43 41
77 58 96 20 15 65 89 17 77 42 12 32 81 4 42 79 99 40 49 11 6 20 35 57 52 69 16 9 35 44 44 10 20 69 47 52 18 46 49 26 16 59 6 62 15 23 57 56 11 66 68 17 41 85 18 3 57 51 36 98 39 38 42 4 43 86 96 53 94 87 74 61 95 0 36 97 63 64 33 55 28 48 31 76 21 25 20 6 77 50 93 20 3 75 86 35 58 52 73 76 53 29 25 30 52 72 36 50 74 43 98 67 63 91 51 27 91 95 64 11 18 3 98 78 11 57 34 42
66 66 38 30 61 3 45 71 82 70 96 33 56 18 18 2 14 77 61 15 90 51 38 74 86 78 48 7 36 98 60 86 69 14 45 87 16 51 25 26 41 87 66 1 10 94 18 51 43 63 31 18 14 4 30 80 56 63 69 75 12 66 1 20 64 43 43 26 15 24 47 15 74 25 76 77 75 85 16 12 28 12 88 94 77 3 52 76 12 15 10 33 98 47 11 7 56 71 35 56 49 71 44 24 52 57 51 50 64 27 5 37 41 46 89 71 83 34 89 0 24 71 29 16 39 45 65 68
0 19 87 31 6 40 86 81 0 45 73 69 9 28 89 40 74 0 9 37 24 67 71 52 61 63 9 54 4 24 53 23 84 70 72 1 60 46 15 20 18 53 69 20 12 29 89 77 9 34 32 96 68 21 51 89 54 27 85 60 55 24 98 12 2 29 34 43 85 31 81 78 63 73 29 32 38 14 32 96 60 43 32 88 8 60 76 21 98 29 75 35 63 57 54 62 7 11 21 62 58 4 0 20 51 48 87 96 93 52 66 65 58 61 42 95 39 18 18 24 85 60 55 73 6 64 80 0
43 1 67 71 17 33 63 22 12 38 16 88 98 63 97 82 63 23 65 60 55 11 92 27 76 19 67 57 59 51 66 75 25 81 80 6 64 26 97 28 67 14 68 82 4 49 62 88 5 38 67 46 92 43 3 61 99 70 55 97 22 77 29 25 89 54 50 63 51 69 66 55 54 21 0 38 70 44 32 95 26 28 77 95 9 16 8 93 37 42 3 23 23 77 47 32 68 33 54 5 12 49 17 77 0 49 20 43 4 33 95 20 64 95 66 58 36 77 81 21 40 95 55 28 37 45 65 17
6 62 40 44 68 4 31 84 35 98 8 9 36 27 2 5 19 16 59 48 48 14 57 59 68 66 90 31 9 39 98 0 81 7 48 67 72 64 45 53 92 62 13 1 86 46 49 63 43 71 39 76 61 18 68 73 18 83 64 63 13 78 22 6 86 18 19 73 27 54 6 56 27 93 39 88 6 97 82 79 18 54 3 4 55 3 40 9 26 50 93 9 83 15 51 29 69 51 58 8 47 95 25 4 45 32 78 4 67 95 95 35 90 4 95 0 24 22 14 37 59 25 95 28 81 49 45 7
54 76 14 34 24 47 77 88 40 78 53 9 17 32 87 91 90 90 11 94 10 4 72 41 54 79 32 53 82 72 6 58 0 52 43 70 22 35 9 86 41 49 66 87 97 8 79 57 7 44 77 52 1 36 48 51 53 39 78 22 44 22 22 35 17 65 17 91 91 46 66 56 87 76 27 0 77 90 30 76 66 87 18 79 93 13 89 96 5 18 9 58 2 80 60 24 56 15 0 76 44 32 63 71 78 15 43 14 67 90 60 76 67 38 88 68 12 37 47 1 9 10 58 0 47 97 60 5
19 40 52 79 96 90 40 71 35 96 83 86 28 68 59 45 77 54 0 44 74 99 1 15 79 6 34 19 72 88 25 73 25 3 46 38 76 55 26 20 80 86 88 2 54 55 96 62 9 91 64 98 28 38 79 14 98 88 78 39 15 37 36 97 48 4 24 44 34 49 82 44 89 17 17 4 28 14 20 82 9 52 25 20 80 97 41 99 7 27 95 48 26 84 61 61 17 74 90 35 75 85 89 44 29 58 17 69 29 14 80 10 98 64 41 25 78 47 51 57 96 80 10 73 41 95 77 53
8 0 49 93 74 9 56 42 38 54 6 30 60 0 88 64 15 59 39 50 24 80 2 18 50 17 45 60 90 81 58 49 36 17 43 50 8 16 80 10 19 67 71 92 20 97 51 62 52 49 43 1 49 97 11 10 36 77 13 9 80 94 98 57 18 23 0 37 96 42 8 39 84 38 69 51 66 80 52 30 80 37 65 85 12 84 39 35 29 40 31 56 7 95 30 73 14 79 8 50 93 7 53 49 36 21 53 89 69 50 79 29 68 26 97 57 28 79 19 19 17 8 47 16 15 64 62 93
82 79 8 75 10 6 63 35 41 49 3 52 51 53 14 13 88 11 36 71 40 42 36 88 28 31 10 7 70 17 60 15 72 83 70 3 35 57 44 1 39 41 25 47 34 85 35 26 95 15 63 33 22 92 6 50 81 4 14 58 10 54 66 64 95 18 0 77 74 90 56 83 44 19 1 4 61 83 70 36 44 61 70 23 75 99 85 5 38 31 3 35 19 11 75 81 81 63 6 23 47 79 93 4 42 86 83 97 96 28 0 52 65 14 98 31 72 76 48 18 7 59 37 35 77 59 46 62
95 24 78 63 16 63 18 57 10 28 76 84 36 95 67 3 63 88 37 45 30 75 25 85 92 55 40 37 58 2 21 79 67 82 86 33 64 32 37 65 24 35 6 60 37 21 3 7 4 75 35 3 41 53 10 89 26 22 75 83 80 20 92 36 83 46 57 9 90 13 52 65 53 33 26 6 45 27 80 23 69 5 97 31 90 94 18 47 85 40 32 19 77 26 81 56 21 3 10 56 32 95 63 50 54 31 34 53 48 10 59 63 39 84 57 78 26 71 23 83 59 94 84 51 65 1 82 88
65 53 65 62 1 13 44 51 90 10 19 87 80 71 10 17 14 61 27 93 19 24 56 87 45 40 95 50 52 53 22 98 65 3 24 78 99 26 11 63 96 17 26 43 43 71 83 56 83 27 89 56 28 18 89 61 34 17 66 25 39 8 13 22 31 67 83 90 48 7 93 23 81 57 78 23 40 7 1 15 44 55 63 37 80 68 81 82 36 90 60 77 58 57 22 95 90 10 98 84 71 63 46 95 49 79 64 84 71 1 86 87 83 28 7 26 66 2 58 97 55 2 31 36 51 28 33 83
19 96 66 98 77 2 3 38 30 55 74 95 81 82 53 98 56 26 4 99 71 0 96 96 53 23 68 95 6 22 67 59 3 69 84 2 89 0 15 10 38 64 47 13 75 79 93 17 7 94 94 92 29 44 71 63 38 90 8 40 7 17 20 69 35 0 9 20 16 0 37 12 97 13 35 79 5 14 52 53 63 43 8 41 67 56 95 12 36 50 36 32 98 57 35 84 87 72 79 71 84 92 58 61 84 84 41 57 32 80 45 9 14 57 38 3 33 41 45 77 43 46 80 28 55 39 94 79
65 50 33 22 65 62 99 2 81 68 2 8 76 41 38 41 34 46 97 7 11 80 40 4 54 98 19 85 26 66 31 77 7 56 25 49 52 81 8 5 27 76 86 58 9 32 65 28 81 31 71 10 28 36 66 29 6 0 0 76 48 32 32 53 63 95 74 38 17 24 83 59 88 48 60 33 6 87 60 33 86 7 42 86 37 97 51 61 70 68 9 2 18 23 45 74 32 97 39 93 3 16 47 16 30 40 97 39 38 30 24 30 99 28 53 62 8 93 11 84 11 78 41 39 80 4 79 43
98 72 23 97 17 58 21 75 70 50 12 21 53 99 61 56 17 5 95 22 79 51 89 2 44 95 80 23 99 61 85 39 67 73 8 23 79 82 75 78 5 69 35 54 52 38 81 75 97 59 11 55 27 10 33 90 24 3 18 5 49 34 76 26 58 52 30 67 86 38 47 63 80 96 21 22 14 79 7 55 3 71 49 60 42 51 64 65 12 94 96 63 77 51 52 29 29 59 90 36 50 26 18 21 31 92 51 60 34 61 50 89 79 53 77 28 8 25 61 93 41 4 92 6 13 69 83 63
26 12 82 93 19 31 67 5 62 49 85 63 97 79 35 18 81 75 85 97 20 8 33 53 57 47 4 62 8 51 45 70 23 43 54 9 39 95 35 46 65 29 72 28 27 3 94 66 67 41 2 8 30 53 27 13 36 75 98 7 14 90 54 62 19 62 56 62 56 40 99 63 57 91 66 3 20 33 0 50 83 84 16 50 83 30 56 1 16 30 26 95 52 40 36 31 56 54 93 72 14 0 50 54 2 81 27 93 46 13 96 86 11 84 78 44 54 59 69 77 54 0 37 15 28 79 61 70
4 67 76 64 47 45 2 52 19 70 87 78 12 70 70 83 3 1 82 5 65 50 75 53 16 58 80 0 67 47 17 95 42 44 91 58 94 35 64 9 73 56 57 43 29 47 0 41 25 83 55 98 97 41 29 6 68 40 36 51 64 71 51 85 76 24 86 34 77 90 11 73 95 9 55 82 72 19 46 46 41 99 85 56 56 76 4 62 54 95 50 52 32 40 16 85 92 80 34 8 55 5 46 82 2 0 70 60 87 3 35 31 34 72 91 37 64 32 18 68 51 31 30 91 25 59 4 90
55 23 39 2 0 86 66 28 80 75 24 24 50 68 20 28 10 82 96 97 34 61 19 16 70 90 54 25 71 75 87 7 29 7 44 90 60 51 47 43 58 40 0 20 32 67 67 49 17 66 59 40 94 48 37 84 67 96 32 35 55 29 88 11 68 34 5 8 80 19 24 48 98 41 18 76 25 60 42 84 13 80 41 6 45 33 7 56 97 65 25 93 79 51 82 27 74 7 24 36 21 7 96 81 75 74 66 94 78 79 75 3 9 74 36 96 83 32 63 70 87 0 95 32 81 38 83 47
14 48 16 60 90 15 40 24 23 12 76 87 4 8 23 60 59 25 6 75 96 51 19 5 32 4 99 16 19 71 73 13 62 72 84 15 69 27 70 91 67 88 73 90 46 56 13 76 17 72 1 23 97 5 9 9 35 4 41 42 52 95 63 55 11 82 63 4 34 33 68 38 12 95 18 19 54 90 75 97 76 95 2 85 60 39 17 34 29 75 43 13 71 57 26 82 2 97 79 10 7 25 92 95 54 26 75 28 17 10 32 10 99 62 57 48 33 45 9 0 16 9 20 0 17 95 68 69
30 59 69 67 17 1 56 15 31 61 6 41 76 54 31 56 64 76 8 13 78 56 28 60 14 38 25 59 3 53 52 37 55 48 79 24 17 95 99 19 57 24 81 84 23 76 60 93 48 49 58 29 64 54 96 38 31 93 71 99 56 53 15 62 83 69 29 38 64 54 80 43 7 78 85 91 71 64 1 76 64 90 68 16 27 66 0 64 56 56 5 78 94 70 83 29 61 36 65 91 28 35 4 55 59 28 22 0 72 39 96 33 11 36 92 42 49 61 79 92 37 77 0 55 50 92 34 71
91 6 1 23 87 64 48 9 85 87 16 95 58 82 70 97 59 53 39 64 95 16 53 73 42 95 19 96 36 67 18 95 35 11 92 61 70 94 90 38 75 27 95 28 67 71 42 55 62 51 59 69 57 37 15 87 86 14 37 15 31 43 34 29 58 67 37 78 17 88 34 98 41 74 53 25 73 66 19 98 99 81 29 66 24 48 41 14 66 49 9 70 51 15 51 60 97 26 88 30 37 96 86 99 31 27 43 28 60 76 36 51 21 62 14 45 95 41 99 45 43 69 66 70 87 20 39 92
22 24 44 71 1 21 60 10 24 64 52 28 97 20 2 61 69 27 87 71 75 14 19 73 79 97 22 60 82 33 16 67 91 61 87 33 21 55 92 6 90 17 74 57 24 45 6 57 60 56 12 2 35 77 62 65 87 1 70 47 68 13 87 60 31 41 84 22 19 11 46 9 34 28 11 50 69 49 36 60 68 93 72 71 64 40 73 57 66 27 80 94 13 56 99 84 42 43 56 43 90 85 33 96 25 52 63 92 93 32 12 1 59 31 90 17 49 79 86 49 65 9 88 28 87 51 14 54
72 61 49 57 41 17 24 0 52 70 11 82 75 17 77 43 95 77 4 3 94 7 77 26 43 95 64 19 0 44 47 39 48 97 77 72 27 10 3 98 82 38 9 7 5 89 4 27 71 88 10 13 10 3 94 45 80 68 77 14 54 60 21 52 23 92 77 26 98 67 29 5 78 14 73 36 52 71 28 83 43 12 43 66 29 41 7 48 3 45 47 85 39 92 52 95 45 90 8 27 54 72 93 11 44 1 47 70 29 30 22 48 16 67 73 42 20 45 80 96 3 96 1 35 71 73 18 45
53 70 31 59 51 25 61 74 46 46 13 6 94 85 36 25 68 81 50 94 48 69 91 99 26 48 89 4 87 61 89 78 24 38 12 69 44 78 83 4 28 96 26 13 27 78 24 31 58 75 65 72 72 79 44 85 92 61 72 57 2 4 69 2 97 48 45 13 45 17 61 66 18 82 57 5 29 26 77 72 26 54 42 51 46 38 10 41 40 63 59 44 5 98 26 30 83 90 9 33 28 58 70 90 98 6 62 8 7 27 99 33 72 51 95 46 11 75 94 97 66 75 17 87 50 26 86 34
17 85 80 73 48 34 38 35 83 66 14 74 57 20 45 82 26 96 15 56 89 24 74 84 48 25 39 97 49 67 94 50 45 6 65 5 55 38 51 63 42 76 83 99 41 29 2 97 95 3 83 41 83 97 79 66 48 83 64 82 98 59 32 41 74 42 48 63 34 17 64 81 63 90 1 16 42 45 47 34 42 93 64 43 6 62 89 73 57 58 4 91 77 36 8 60 14 99 70 58 52 95 0 65 60 54 2 88 18 28 31 6 73 71 69 26 94 93 40 25 71 7 40 85 45 32 81 64
23 45 86 66 29 63 44 93 95 73 41 58 9 12 22 85 67 42 9 93 76 31 33 65 6 74 66 52 26 45 89 82 22 13 8 97 2 51 84 99 45 85 84 10 70 9 87 5 76 69 32 23 94 61 61 19 68 99 57 65 92 7 51 52 50 58 32 6 73 61 46 93 86 93 66 48 45 77 59 27 13 2 15 66 49 49 94 34 14 85 93 60 19 43 84 49 29 84 60 96 9 55 85 31 58 92 78 62 6 33 70 98 2 8 78 33 9 8 71 23 17 10 12 44 28 96 42 54
77 98 57 54 80 17 84 78 9 37 46 29 5 16 95 41 74 31 28 95 23 90 18 56 82 83 39 35 28 65 69 83 42 42 89 32 20 59 67 79 65 8 70 45 52 25 77 0 51 61 46 20 97 5 67 93 60 34 1 87 31 76 20 56 23 75 12 59 69 68 69 79 29 12 18 38 94 55 75 88 41 53 27 74 17 20 46 21 85 92 73 18 34 9 16 74 80 94 47 67 12 28 38 34 45 37 8 41 86 36 13 46 61 84 93 57 31 96 39 51 89 10 33 87 75 65 84 72
73 97 50 82 2 44 85 67 25 12 34 18 7 56 19 17 6 5 34 90 47 49 92 68 65 23 61 38 36 83 92 12 4 73 86 30 94 22 52 75 78 75 84 62 71 66 25 55 8 62 30 2 69 22 85 76 71 48 14 84 94 88 17 39 68 96 14 4 7 15 31 39 4 16 41 15 49 58 52 51 81 10 82 93 39 49 19 42 88 18 65 0 8 15 92 99 80 42 5 93 47 42 32 0 5 97 30 67 21 75 92 94 92 23 48 9 31 3 36 96 30 53 44 65 41 58 45 38
93 98 67 67 27 62 99 23 1 54 62 17 14 94 82 47 35 62 69 79 14 41 17 48 90 44 54 28 13 0 52 95 26 13 69 22 67 1 8 42 1 16 81 76 86 91 20 73 23 96 93 99 20 15 12 25 40 47 19 92 4 4 27 86 94 34 79 31 26 97 86 78 52 40 69 99 64 80 10 53 30 11 4 59 21 20 2 70 76 52 18 35 62 70 23 0 35 19 69 43 60 76 65 21 26 18 15 85 24 23 41 12 79 78 5 3 74 97 40 19 5 46 56 84 49 6 4 80
56 47 21 97 94 95 3 92 11 95 40 98 88 73 46 45 17 85 57 78 88 13 11 85 10 70 62 30 57 10 45 6 89 51 57 49 99 54 28 12 41 29 68 86 70 34 34 77 70 15 66 63 20 62 74 17 80 68 72 55 41 31 85 77 97 39 30 82 56 80 58 61 44 55 21 4 49 88 99 48 36 73 66 17 35 5 63 44 69 29 90 93 5 32 61 0 27 21 84 47 44 42 67 71 79 37 23 30 5 82 64 95 91 46 66 15 21 55 17 94 77 6 86 20 83 27 25 68
39 13 64 98 96 89 54 1 39 55 94 28 29 34 31 76 37 30 66 37 25 25 56 66 50 43 85 2 91 45 34 87 32 17 26 14 76 56 16 31 45 23 78 44 37 25 65 99 58 48 79 6 92 93 22 34 36 44 5 46 14 36 63 10 56 92 2 63 99 19 43 96 27 31 17 89 92 17 15 14 52 3 74 60 86 76 94 19 17 20 48 21 99 70 84 97 27 56 3 50 66 59 28 82 43 7 31 54 60 95 31 3 90 50 99 77 64 1 13 72 3 91 9 52 89 84 82 41
42 48 58 95 56 15 3 52 21 55 80 17 13 22 50 19 2 97 4 38 82 14 50 16 68 95 66 82 76 49 24 71 0 57 74 36 88 73 25 51 34 59 42 3 58 71 43 1 23 68 17 28 29 92 98 48 98 28 74 60 4 44 36 46 74 18 81 79 36 64 96 45 33 30 59 44 65 21 84 23 70 15 38 58 10 14 87 29 27 17 59 45 36 71 45 28 0 68 46 44 40 38 50 85 26 44 1 44 86 76 42 72 36 55 59 41 90 88 87 0 94 75 60 76 50 11 15 94
36 16 25 36 90 68 41 32 29 82 25 36 21 18 77 71 9 76 23 97 11 59 56 96 77 92 66 62 76 44 38 76 15 83 8 79 39 3 43 76 95 77 89 1 14 80 45 74 21 10 48 93 9 71 51 95 31 61 16 51 86 17 52 46 95 74 76 21 99 82 18 57 21 98 85 68 1 10 84 40 7 30 63 2 70 22 70 70 35 87 84 82 28 30 77 55 50 96 17 49 42 19 48 49 92 66 71 49 98 96 18 54 80 59 98 86 55 76 97 86 11 34 18 85 62 42 83 21
21 52 67 76 93 16 81 61 60 2 17 7 52 8 36 23 55 71 23 28 84 12 23 65 10 7 43 5 85 66 62 51 20 22 45 42 9 40 14 67 89 83 47 83 56 39 79 10 56 20 81 95 54 85 81 42 40 84 22 28 20 9 81 99 97 36 1 50 86 22 82 60 74 30 20 0 64 98 65 27 97 55 1 50 51 76 63 68 26 50 93 89 38 32 60 76 34 2 99 79 2 21 12 63 18 0 53 21 39 42 84 90 44 35 34 18 56 3 48 26 68 18 61 12 77 65 62 42
38 20 15 32 2 47 88 93 37 11 42 46 43 76 68 60 55 47 67 62 11 33 52 19 99 95 39 34 21 80 43 84 67 4 73 64 87 30 3 31 44 37 47 52 9 44 9 18 57 80 43 46 58 23 85 64 32 29 91 41 84 95 62 68 75 95 8 64 25 69 49 20 65 67 13 53 67 19 49 0 57 98 9 0 40 22 28 62 11 66 61 87 86 35 86 21 87 86 88 44 21 13 78 99 21 71 30 27 93 48 44 91 83 66 21 77 45 50 81 78 48 6 45 15 20 72 82 3
89 16 78 74 96 69 81 46 72 17 39 98 34 67 67 72 62 4 8 57 76 86 31 12 85 31 68 4 0 96 78 93 62 52 73 69 14 60 98 32 27 31 30 49 28 25 34 50 35 23 74 72 31 96 54 50 64 57 20 7 87 28 46 62 7 12 10 2 64 63 38 40 50 73 61 86 29 5 20 99 51 1 11 19 7 76 57 94 48 56 89 13 6 7 38 85 58 26 33 50 28 45 73 55 39 78 69 64 57 48 33 40 96 95 43 44 93 17 93 54 85 8 85 37 43 37 11 69
10 17 80 3 48 96 38 79 27 67 9 27 34 38 69 4 0 2 70 84 21 48 74 19 12 4 24 83 21 68 62 15 8 76 11 73 60 59 89 57 72 94 49 88 50 64 56 92 75 83 90 24 9 17 83 93 61 74 93 47 25 46 84 0 29 49 15 51 92 3 91 66 94 39 13 4 41 87 29 52 75 76 72 11 36 87 13 52 13 90 78 15 95 69 83 62 59 45 23 87 35 56 46 36 38 88 60 65 55 81 11 22 32 86 71 50 37 27 96 91 27 1 39 89 20 64 46 21
95 69 85 81 96 91 14 6 50 34 3 40 69 17 70 71 9 61 60 97 36 1 62 77 15 8 86 93 35 92 79 0 46 16 43 12 43 84 3 33 90 62 91 80 93 93 89 62 50 64 24 99 40 89 89 36 91 64 12 38 6 26 44 95 38 3 90 4 23 16 78 4 9 39 86 93 41 46 28 74 24 14 74 57 63 72 97 69 23 83 86 26 87 29 12 16 93 30 56 80 32 66 7 33 70 96 44 7 57 14 47 41 96 38 88 50 81 98 47 48 58 25 46 54 0 29 13 2
5 39 20 43 91 99 79 60 7 15 61 38 67 2 87 72 79 3 85 74 60 70 48 65 56 5 96 40 55 69 84 76 96 73 23 92 90 87 29 15 20 36 39 91 37 19 70 10 18 28 40 52 43 60 77 88 17 61 90 8 29 6 62 92 20 54 34 74 39 22 11 27 35 69 41 66 32 22 42 69 89 25 36 74 4 81 65 66 66 30 15 98 34 87 92 11 33 43 77 76 89 43 66 6 12 94 90 44 67 1 75 57 88 15 79 89 77 88 55 58 84 30 43 44 46 34 91 56
62 63 96 34 27 69 58 23 4 26 99 63 58 95 11 19 0 20 41 38 32 5 71 63 10 55 43 71 50 0 28 31 46 79 35 84 4 65 53 18 88 24 96 65 10 12 39 53 39 20 0 26 69 78 11 74 38 97 47 42 53 25 22 62 35 75 40 59 59 31 49 77 50 86 5 83 94 50 30 5 26 83 92 94 59 22 34 69 40 77 84 62 25 44 75 36 38 10 18 71 78 90 49 27 17 1 7 3 31 2 81 90 74 89 8 84 27 90 61 46 66 9 24 71 71 48 41 38
44 83 43 75 88 54 21 40 56 80 24 68 98 25 54 66 44 45 57 87 93 54 73 10 68 56 83 32 30 21 56 53 68 48 34 32 31 89 23 43 20 83 45 21 52 59 22 51 3 62 7 4 34 56 77 46 50 76 7 1 51 43 98 95 58 72 37 67 12 20 15 97 9 77 6 32 82 95 75 16 48 70 60 9 76 73 52 41 81 97 31 88 59 52 9 20 71 78 68 42 57 54 49 89 61 69 49 25 10 12 96 2 25 75 57 65 39 2 91 64 89 12 25 99 65 79 41 87
93 54 9 7 85 97 69 37 69 67 88 41 46 3 47 3 21 71 35 44 78 59 78 14 82 3 51 72 65 53 30 0 1 49 13 44 60 14 43 88 47 92 36 33 69 56 55 49 20 21 92 98 2 24 49 67 17 82 42 46 23 57 55 80 46 81 39 1 34 84 42 41 58 60 55 32 6 43 79 50 98 51 50 98 30 63 41 81 71 13 91 6 87 42 59 73 65 94 36 40 7 79 87 64 27 12 45 31 3 50 75 69 40 50 36 47 28 98 83 79 56 71 22 21 36 58 72 19
95 0 86 91 57 65 33 61 41 55 8 0 39 75 32 66 10 32 24 74 12 67 70 24 76 61 64 88 21 70 39 33 78 88 82 88 10 76 28 82 79 57 21 26 11 8 22 83 7 51 30 49 34 16 40 4 11 63 50 19 22 11 17 93 66 97 56 57 26 57 10 2 88 27 58 91 70 15 94 70 46 29 15 75 31 75 14 25 71 95 94 51 37 35 43 31 70 84 62 96 54 82 6 9 65 48 44 6 22 41 68 33 24 12 40 25 46 17 72 32 16 89 64 47 83 79 92 40
96 75 4 75 99 82 0 54 37 98 93 49 52 1 9 45 95 80 95 30 78 79 72 74 33 64 47 90 81 68 5 25 5 28 89 1 86 52 11 78 11 16 69 60 52 95 28 68 33 42 36 56 77 90 62 35 52 58 82 44 37 95 7 13 8 6 22 87 52 53 91 24 68 75 11 28 0 68 38 31 46 18 89 89 98 93 30 68 10 98 8 5 23 76 8 83 41 45 71 55 57 18 97 87 62 94 89 51 92 61 28 79 97 69 98 17 10 12 56 90 76 64 50 26 80 98 56 91
0 36 0 20 39 44 43 48 26 55 36 80 19 19 25 37 25 25 62 56 69 91 12 71 28 47 28 83 27 73 60 95 94 46 9 96 22 9 83 81 87 12 63 72 64 23 86 95 56 92 47 67 33 61 46 49 75 93 46 70 28 3 15 79 39 40 14 23 6 91 4 19 86 60 63 85 93 4 44 15 68 57 9 38 98 72 27 44 70 96 61 22 86 32 17 89 25 67 37 86 24 90 79 76 38 27 87 63 81 10 36 28 26 6 11 81 83 8 65 63 5 61 71 92 42 99 46 57
35 68 44 37 47 62 63 75 6 6 14 24 79 56 70 9 78 20 82 86 86 91 96 25 95 56 55 9 56 94 87 6 10 57 6 7 87 81 41 75 50 50 48 58 36 20 15 73 39 46 17 87 14 19 90 8 3 60 73 46 49 81 9 9 94 31 21 92 28 31 31 92 57 23 91 13 56 85 75 45 20 53 54 61 42 3 91 71 47 10 19 11 62 44 82 36 35 20 54 71 20 6 95 74 53 89 3 19 11 10 59 41 38 33 54 73 78 17 35 84 46 0 20 88 2 22 25 31
97 96 79 44 98 61 98 50 70 14 28 82 25 30 41 94 50 38 52 16 13 22 96 47 68 43 43 74 70 67 55 40 41 15 80 19 71 77 2 17 90 8 90 26 92 8 66 61 6 2 48 43 66 56 77 40 37 89 12 68 52 12 77 64 26 81 64 87 44 50 30 99 75 52 36 45 87 82 24 77 41 27 88 4 68 84 98 5 73 61 54 48 58 73 67 69 17 16 93 90 31 22 64 79 91 73 73 57 42 50 54 48 71 36 69 29 35 38 18 95 38 5 84 82 61 9 82 76
79 84 88 82 64 0 68 98 44 47 6 96 59 12 33 9 7 0 46 50 33 55 43 78 97 27 61 46 87 28 44 66 36 68 89 34 90 31 88 55 20 43 19 81 85 73 7 77 15 55 43 67 9 60 32 99 48 72 95 25 16 18 14 8 64 17 1 46 69 92 97 28 33 30 89 53 47 28 12 85 96 27 36 41 40 6 63 51 30 83 67 97 48 67 23 29 72 85 68 8 41 97 24 82 65 43 24 28 25 12 33 1 34 5 13 16 75 36 39 52 76 53 30 99 83 28 75 73
33 42 48 37 34 75 92 23 91 4 96 42 42 56 3 37 38 49 34 34 13 14 53 15 92 76 89 61 33 50 58 20 20 64 49 71 57 87 21 28 65 80 44 7 34 97 89 45 99 78 32 81 2 54 39 94 70 70 69 90 58 79 57 56 31 97 15 56 99 2 83 93 40 3 90 24 96 29 87 92 79 61 74 63 63 11 81 76 41 3 38 7 66 62 88 50 25 78 85 81 2 91 68 0 79 59 20 25 52 25 33 71 46 5 46 84 21 35 12 61 40 46 93 59 20 53 86 68
83 58 36 27 80 55 64 28 37 54 64 25 67 9 31 16 59 69 65 19 61 16 53 77 65 99 10 62 42 25 42 97 78 27 79 96 68 27 41 35 23 15 66 78 24 26 17 30 44 98 14 96 50 79 24 87 40 0 78 12 83 55 68 17 94 59 37 50 81 90 62 10 91 86 81 77 8 25 85 75 19 58 72 59 42 37 46 20 32 18 32 84 54 42 28 80 33 47 96 68 78 33 31 17 62 71 37 19 88 59 6 35 50 17 89 72 12 75 22 25 86 28 16 68 23 3 78 10
8 44 16 57 35 12 83 83 7 44 42 0 97 26 58 14 44 2 47 42 31 96 77 2 76 81 19 64 95 53 50 66 49 98 16 29 34 38 22 16 14 52 52 56 33 6 94 82 80 32 81 61 94 57 39 36 11 17 3 18 22 35 81 36 72 0 21 28 64 30 34 6 9 72 75 70 85 31 30 6 31 26 53 45 61 93 58 8 78 26 73 9 23 5 78 42 12 63 84 46 56 16 75 71 10 62 97 58 8 49 0 19 66 93 84 33 37 66 52 31 88 90 24 19 33 34 83 61
41 70 56 67 92 97 36 2 46 81 3 98 48 23 25 50 33 45 85 65 81 52 27 73 77 73 13 16 44 22 42 83 37 27 53 68 36 3 52 99 4 22 44 27 33 94 36 65 57 94 21 77 2 45 81 20 1 43 8 34 73 43 25 49 72 76 42 80 25 35 72 15 70 87 97 43 71 28 83 39 77 58 96 17 87 37 98 87 82 15 50 46 68 16 6 35 8 96 83 70 40 23 53 22 4 52 64 36 81 23 56 76 67 5 29 28 86 89 19 6 48 31 51 31 12 77 64 38
75 93 28 84 24 96 83 82 94 77 12 95 82 76 12 19 12 33 40 57 11 85 86 59 68 30 79 39 99 89 5 81 19 43 19 10 95 22 21 41 86 73 92 55 24 69 26 95 79 76 89 91 73 85 65 26 68 14 23 4 66 99 95 9 57 44 60 43 2 51 63 1 74 62 51 32 73 93 75 94 53 30 36 53 2 96 26 84 77 96 63 28 27 34 98 15 99 80 44 51 47 20 87 26 34 64 17 86 76 94 63 34 45 47 6 88 75 85 89 65 99 61 31 16 96 62 93 77
49 48 62 23 73 68 28 63 14 52 42 54 40 69 95 3 47 63 2 6 59 63 1 87 44 44 95 84 72 30 21 32 97 67 97 35 80 72 67 80 6 69 59 40 47 26 31 46 90 46 74 36 6 57 70 60 80 4 90 34 78 78 69 21 46 3 21 95 69 8 16 77 58 25 93 57 66 10 54 63 54 17 0 96 0 95 29 21 87 49 34 56 22 2 68 37 36 43 39 59 95 78 18 11 51 60 20 26 20 46 40 97 53 35 35 52 84 51 37 74 16 41 5 56 60 56 69 25
14 62 92 0 77 6 90 47 2 61 72 88 2 10 39 11 76 73 79 76 94 30 64 50 11 34 72 28 4 93 32 84 24 92 23 13 66 96 22 96 49 16 51 56 35 31 78 91 41 57 69 13 5 26 86 42 18 91 3 64 34 49 88 45 39 25 10 25 91 49 52 7 87 82 16 50 22 37 59 68 2 83 56 92 46 3 1 82 22 41 0 97 68 88 71 83 99 91 45 86 61 84 5 72 27 7 54 47 29 2 60 40 82 52 59 26 1 79 86 77 1 37 89 82 84 60 16 20
18 90 41 97 84 95 43 37 66 98 61 64 79 56 92 12 42 62 33 33 60 57 3 86 23 38 61 83 59 86 3 58 18 17 35 42 16 92 61 89 63 21 29 82 51 53 39 58 97 20 61 32 53 70 80 95 28 0 38 60 50 98 55 44 48 70 50 86 66 12 20 77 83 61 47 44 76 87 55 71 45 14 54 54 39 13 50 80 67 34 70 23 49 72 9 68 56 10 10 78 54 67 50 31 31 53 44 97 94 8 41 76 91 0 99 93 5 17 15 6 16 2 36 15 85 12 1 28
74 66 30 2 4 91 60 51 76 19 36 80 27 86 71 7 79 66 67 83 23 57 7 88 58 2 13 81 98 99 40 15 56 55 40 92 89 38 16 56 94 53 65 0 95 20 95 19 84 62 28 70 45 28 52 29 19 4 16 31 88 57 13 30 67 45 44 24 3 18 78 0 7 18 22 64 24 67 67 21 63 94 94 61 48 99 74 77 48 41 88 68 0 68 99 77 46 13 7 37 77 71 25 60 42 67 44 45 90 56 14 19 62 27 5 13 24 49 37 78 46 62 73 88 84 80 90 71
1 51 8 60 48 64 33 53 58 90 87 79 82 36 18 57 24 9 92 35 82 78 22 41 46 40 93 90 88 66 33 18 14 34 70 5 94 68 13 80 55 16 85 18 35 1 23 57 74 86 1 44 68 81 25 3 85 90 57 4 79 95 72 89 70 33 89 71 70 83 14 1 86 69 59 15 22 56 1 13 56 36 57 68 70 10 76 95 2 31 8 24 52 59 76 69 1 66 94 80 82 76 13 42 26 80 38 29 30 88 23 21 78 70 56 20 98 54 12 38 59 74 61 95 51 74 78 53
29 64 43 10 43 45 81 73 36 79 46 75 19 33 22 56 32 50 85 29 63 45 16 18 22 70 50 80 1 31 9 83 8 58 82 85 10 45 55 99 4 20 47 74 40 4 45 51 89 48 47 44 99 1 5 51 53 84 71 38 87 14 27 92 0 48 77 31 11 28 78 51 97 91 21 81 79 39 34 73 39 96 10 44 24 33 61 54 30 66 34 83 48 41 88 68 61 98 50 87 37 43 10 14 60 63 83 70 35 50 14 92 13 7 10 55 70 31 81 18 83 58 79 8 33 31 21 79
91 43 21 51 92 50 47 55 48 96 87 67 25 7 25 36 34 7 25 85 83 50 99 6 12 99 24 76 61 58 54 81 42 25 96 65 64 15 33 31 44 7 56 20 88 6 10 74 20 17 65 58 22 47 2 96 58 81 27 79 7 28 22 20 7 19 44 32 69 99 96 86 11 46 71 36 26 97 92 81 50 29 86 5 23 60 94 55 98 18 44 47 89 13 34 63 91 45 49 57 39 41 36 35 34 45 9 48 88 0 14 45 84 77 49 25 10 14 75 42 93 40 74 95 44 0 52 73
87 2 10 79 65 46 96 95 54 99 40 66 64 98 34 37 86 13 59 44 1 75 70 8 30 47 42 97 72 13 23 96 24 2 40 31 29 99 78 23 70 96 69 43 97 65 22 71 7 83 32 13 66 93 24 74 46 65 95 58 99 11 30 43 46 42 51 64 49 16 34 20 62 97 46 42 11 26 69 52 9 32 63 29 1 69 64 77 46 1 24 29 53 3 97 97 82 99 97 90 32 50 69 94 49 49 93 74 99 30 97 31 21 49 9 1 88 43 40 47 80 15 25 11 98 65 62 11
68 76 9 99 37 43 35 32 53 34 85 33 98 5 71 27 21 21 70 94 88 44 78 58 52 38 9 3 46 72 93 80 16 98 31 16 46 41 88 28 65 6 77 5 81 40 8 89 16 70 72 86 57 15 4 89 8 85 67 37 32 19 36 97 87 10 66 3 67 46 29 57 91 83 20 69 9 90 68 26 60 45 38 47 74 82 99 77 19 86 61 94 48 31 8 9 17 18 86 10 19 45 91 36 41 26 41 97 57 72 0 28 34 59 78 62 66 64 57 60 57 79 88 83 88 47 40 50
33 23 30 26 96 89 9 23 87 48 41 5 46 96 27 45 54 15 48 80 58 56 10 33 95 79 73 10 3 8 58 14 74 6 51 56 52 98 50 30 28 67 95 60 67 66 77 25 57 43 45 65 64 53 83 12 66 69 58 48 15 71 12 4 3 62 63 35 7 14 29 24 35 78 67 44 48 27 68 60 76 71 36 22 20 88 6 25 75 74 82 84 37 2 20 89 18 67 6 57 42 3 56 60 23 95 89 45 48 7 91 8 52 29 7 11 37 32 51 46 37 21 26 28 67 1 15 3
20 77 85 71 39 2 69 73 20 2 17 0 87 7 29 57 57 53 39 10 23 13 31 87 71 69 85 53 97 81 34 1 70 21 68 15 55 25 14 70 7 53 22 72 86 21 28 8 80 82 48 1 57 73 21 32 75 71 88 37 38 44 33 93 81 41 85 57 82 20 43 32 51 0 18 25 44 45 76 59 22 53 38 81 58 9 50 85 49 79 32 32 21 46 86 39 52 93 84 87 38 32 46 83 55 81 90 3 22 28 71 95 85 70 52 45 60 63 94 22 25 75 48 93 13 98 81 97
29 71 68 41 92 83 89 59 91 62 85 10 86 40 51 11 63 2 87 24 79 58 32 59 21 74 93 45 48 10 79 25 24 40 64 23 37 10 8 63 61 56 10 78 66 73 27 78 98 30 91 9 32 74 92 30 94 35 66 7 8 33 88 40 71 24 65 46 97 25 73 53 5 49 52 12 67 44 72 53 94 82 12 78 9 39 17 31 26 82 61 38 48 13 53 74 40 45 51 93 65 73 10 85 59 4 41 24 8 63 29 92 17 48 47 18 68 20 48 37 29 75 51 60 46 84 23 78
37 92 88 22 36 47 21 87 42 85 86 35 87 14 64 76 40 21 31 12 72 0 38 82 54 80 10 67 66 6 12 98 57 40 68 73 61 35 24 34 53 6 89 13 84 33 37 10 32 19 42 89 24 71 93 7 72 39 81 22 71 97 21 31 2 60 33 69 46 6 52 96 24 49 61 83 91 11 54 74 28 63 93 47 43 42 55 53 99 41 94 16 92 79 66 36 98 10 5 87 72 41 84 23 79 11 2 51 81 58 42 98 96 37 34 61 67 29 96 36 78 52 31 48 6 66 41 59
42 33 82 91 18 13 57 86 14 61 14 15 73 6 58 3 21 44 76 19 1 86 36 17 44 89 78 83 98 45 34 32 76 18 99 59 87 67 98 54 16 25 32 18 25 34 50 44 73 85 55 1 56 99 52 80 20 92 68 2 91 29 0 0 32 46 14 12 60 18 73 97 35 86 90 58 2 16 41 13 21 62 62 2 67 5 18 97 60 46 5 84 1 21 22 35 30 13 0 43 68 16 61 24 72 25 85 65 72 36 72 55 81 78 63 60 85 61 19 89 9 91 93 49 25 37 98 84
69 14 63 7 93 99 49 51 74 28 92 55 70 99 72 53 64 15 40 82 47 96 22 13 85 8 84 38 21 38 95 90 89 47 35 7 70 89 88 63 51 42 35 5 58 90 58 12 85 92 77 18 7 24 57 71 88 24 20 2 31 57 64 67 37 89 97 29 91 37 2 36 26 1 59 94 76 34 3 96 67 16 60 80 19 89 56 97 33 96 82 83 36 49 81 33 4 69 0 94 41 46 11 67 85 38 26 53 64 16 95 7 46 37 90 70 85 86 59 72 7 7 47 12 42 36 53 73
