62 81 36 53 17 74 14 24 49 5 26 87 2 56 1 26 3 24 68 14 0 83 99 21 38 60 51 94 57 46 17 5
87 76 91 33 78 24 2 62 25 9 69 37 49 29 60 16 55 80 3 87 26 58 64 86 65 43 64 9 93 32 19 9
77 33 62 30 50 86 0 42 31 96 97 98 78 28 1 34 70 93 17 65 11 97 73 34 36 36 25 1 24 45 2 48
51 61 58 45 91 78 8 26 46 45 86 51 19 69 67 22 36 3 56 20 87 48 88 84 42 86 15 66 17 89 8 18
78 70 94 11 97 54 6 13 62 25 96 3 14 56 52 92 28 66 46 13 51 45 16 54 61 84 50 70 71 52 57 70
34 65 80 31 81 23 84 71 7 9 93 65 98 88 16 33 72 53 95 86 26 62 95 11 85 31 75 53 64 92 25 85
6 93 8 84 77 75 81 96 70 39 28 62 16 32 61 6 38 78 66 7 29 20 34 44 4 81 49 18 36 18 43 9
97 18 98 97 25 29 72 93 16 29 73 82 16 29 57 94 64 43 84 98 75 35 4 87 5 20 44 69 96 66 5 4
83 46 46 22 40 58 24 87 49 61 39 5 86 62 40 96 64 30 73 44 99 0 56 44 54 53 68 17 75 5 78 77
54 72 66 31 47 80 80 82 42 98 86 95 22 68 2 35 48 6 2 37 19 42 48 27 57 16 38 25 54 97 75 22
20 14 24 70 51 57 86 48 66 80 24 85 16 50 81 33 85 44 5 26 70 13 85 69 90 25 11 39 61 90 95 82
96 69 94 79 69 47 62 67 95 71 38 37 54 86 42 26 81 58 30 82 54 11 21 89 83 29 72 85 96 24 32 35
48 69 81 11 71 45 51 8 63 40 26 56 48 7 96 67 26 39 35 21 21 59 95 41 0 20 45 77 2 58 99 69
48 40 37 3 54 52 77 92 10 60 18 39 79 86 15 26 34 50 95 4 75 98 46 7 13 9 69 1 34 72 56 78
55 45 84 92 43 97 36 8 18 87 40 18 44 14 1 85 32 82 53 86 96 89 85 36 42 22 79 10 45 36 3 44
41 47 31 69 76 63 24 53 43 60 95 48 4 25 23 61 52 94 55 59 29 78 19 51 33 80 42 21 46 37 72 37
61 73 69 26 68 4 19 36 42 31 18 43 34 60 4 73 60 57 62 44 70 9 81 69 70 54 70 50 75 56 89 59
67 84 39 68 57 48 97 51 64 96 1 56 99 98 9 2 42 67 67 56 13 19 20 58 78 8 29 88 91 92 84 76
9 18 67 82 19 91 50 45 77 46 38 23 41 78 17 37 98 9 34 66 89 55 20 57 47 19 58 64 49 98 84 51
52 32 69 57 22 2 76 44 62 97 30 12 25 43 12 69 23 7 65 34 37 74 84 95 46 1 82 20 84 7 26 32
10 4 28 46 83 67 3 41 94 81 2 85 34 68 78 38 86 63 21 91 87 19 95 87 76 5 81 33 7 19 90 84
16 15 87 85 12 62 64 53 62 99 82 22 84 62 19 58 43 75 73 81 16 97 85 64 51 29 39 64 77 20 54 32
57 6 49 67 82 46 43 72 25 26 65 63 88 35 63 82 35 57 47 31 2 63 6 28 65 12 81 78 16 7 77 15
79 3 2 22 69 98 68 45 64 6 29 70 58 10 19 76 21 55 5 32 88 5 42 59 22 71 36 17 29 17 12 33
32 84 80 82 35 60 70 20 84 58 9 24 1 84 17 4 17 1 29 8 5 55 22 31 64 2 73 23 61 69 55 3
71 70 75 38 21 3 35 68 14 62 80 84 87 73 41 81 8 73 8 3 24 1 95 74 5 94 69 0 60 1 15 71
55 61 68 75 61 26 17 48 16 96 45 73 44 51 32 70 32 82 69 64 11 47 14 8 62 28 45 88 4 33 91 68
95 89 1 69 7 16 96 49 89 64 17 14 99 63 21 12 76 75 63 53 16 59 28 17 3 78 21 52 61 99 8 93
47 8 56 81 24 0 71 99 34 20 19 7 29 58 68 21 25 11 20 23 48 92 6 65 6 66 90 77 13 10 67 18
97 53 65 33 83 47 6 65 86 45 6 10 23 10 84 38 77 28 64 87 74 55 23 36 31 66 61 51 92 51 56 24
13 69 48 82 38 45 61 17 71 60 64 57 43 54 1 59 71 26 85 27 21 17 24 31 77 35 16 46 19 69 60 63
78 92 45 88 74 5 34 93 3 94 97 85 36 15 43 7 20 79 48 75 28 99 77 28 61 46 33 36 20 44 73 52
