14 88 16 91 83 42 46 6 74 38 94 25 66 46 7 39 8 26 97 81 16 83 18 85 87 89 69 42 39 18 54 65 99 58 82 48 89 55 66 0 14 28 36 88 97 33 70 29 39 32 64 0 22 64 10 5 92 83 47 55 27 80 6 84 19 27 61 16 64 7 74 77 95 48 66 87 60 0 68 21 87 0 14 60 97 81 35 46 17 92 81 73 65 83 30 9 36 21 59 79 39 27 77 41 59 48 75 89 18 22 26 81 4 72 84 36 90 69 66 6 86 30 16 52 72 20 63 56
60 50 29 14 41 56 57 79 54 75 75 14 57 45 16 14 89 14 23 0 5 6 90 23 90 57 9 1 93 63 99 91 93 45 99 88 71 35 75 62 23 28 26 58 31 47 34 83 82 99 79 11 89 67 5 32 87 49 56 12 98 6 46 47 68 56 23 14 30 77 16 21 67 12 11 60 37 0 66 8 89 96 81 28 49 90 37 67 89 3 7 43 40 10 90 15 48 85 59 69 26 7 32 28 93 34 99 4 58 93 19 7 23 23 76 1 74 87 72 20 29 34 47 26 75 21 50 82
48 63 65 66 25 54 59 42 8 57 15 31 18 65 76 50 89 1 77 77 15 26 83 24 85 86 57 22 25 94 5 83 31 82 43 7 25 29 17 28 98 9 61 10 78 66 74 73 65 25 32 91 44 83 80 81 65 42 3 94 73 52 6 90 96 89 98 17 9 12 21 92 27 28 78 36 56 6 75 69 56 18 23 81 96 0 42 82 84 45 18 59 76 49 43 37 52 97 56 26 37 22 80 44 55 67 20 6 86 86 27 50 79 63 79 61 93 94 15 96 56 58 44 69 9 34 31 13
41 38 41 82 14 89 67 55 65 73 58 30 71 78 75 53 74 28 29 2 31 22 83 7 36 59 99 65 84 98 89 55 95 38 23 81 88 37 16 40 2 56 93 41 48 7 41 49 64 90 31 59 26 56 76 17 96 71 34 30 67 83 30 87 56 11 41 4 3 71 27 84 38 55 97 1 71 86 96 6 99 47 1 82 85 27 63 41 28 92 5 91 28 5 30 99 64 37 93 35 45 68 58 44 34 89 87 34 83 77 20 15 73 23 59 44 88 96 4 14 86 2 84 14 3 94 0 26
30 14 45 26 74 29 24 95 24 32 82 18 98 29 88 6 46 3 75 24 9 4 0 17 66 44 4 29 60 76 8 92 56 44 31 81 5 32 75 66 75 31 19 0 69 30 88 46 37 50 46 65 17 54 29 98 67 34 56 82 81 73 24 94 45 12 93 1 57 13 66 93 80 65 43 63 42 74 56 76 14 42 33 29 52 91 54 56 35 43 67 36 23 99 68 33 88 78 38 59 34 34 18 45 70 25 51 5 69 54 61 50 89 23 12 48 13 84 99 20 41 75 71 74 72 86 11 43
16 22 66 41 74 68 89 94 97 17 44 36 77 51 95 36 1 16 73 82 33 82 74 97 97 39 9 98 15 49 14 84 75 38 36 24 94 33 8 82 36 61 79 78 44 69 55 54 68 8 97 59 97 52 35 11 31 86 54 20 69 41 24 65 12 93 5 70 53 53 93 35 74 81 19 59 49 78 41 0 35 35 50 5 20 6 95 78 7 64 12 96 57 17 71 55 27 26 68 2 54 73 55 9 43 40 65 70 75 87 35 80 40 35 38 95 63 35 89 66 66 58 63 50 68 7 23 93
51 6 66 22 55 77 30 57 66 63 59 92 24 30 13 65 36 54 88 35 67 28 98 71 94 0 39 88 40 45 13 3 65 29 80 47 30 53 10 55 52 32 18 9 91 68 85 48 51 81 13 28 35 70 96 61 79 20 96 71 5 10 18 25 13 65 6 53 54 23 14 91 27 22 44 99 43 31 78 47 32 34 65 80 21 27 83 90 81 80 81 11 78 64 48 89 38 91 51 96 28 50 46 62 79 80 62 21 79 15 36 52 23 32 45 75 80 36 61 69 51 17 82 51 84 26 70 35
72 20 38 41 26 79 9 23 18 96 28 88 22 12 99 94 53 11 62 92 67 24 13 76 3 39 48 43 17 9 57 64 78 14 15 92 76 66 48 15 72 72 33 8 19 7 81 73 42 70 41 97 90 85 70 83 51 8 7 14 86 24 94 56 70 36 83 59 1 54 5 84 51 32 4 98 83 14 96 1 44 57 56 76 81 56 5 60 85 93 72 67 56 75 46 37 27 32 22 63 52 81 10 39 19 23 11 83 82 47 70 64 27 47 19 37 64 5 53 4 97 64 61 32 62 92 47 21
96 9 53 85 50 64 43 34 92 10 50 3 41 53 46 24 28 30 0 86 43 21 25 13 15 56 97 82 3 89 6 72 83 74 71 96 97 69 81 81 74 84 81 75 21 82 27 31 79 51 92 59 69 91 33 84 32 10 41 8 74 83 7 18 66 56 54 94 56 3 6 68 31 65 36 99 73 37 15 11 89 79 55 62 90 3 8 38 74 93 58 86 34 12 46 45 19 75 88 90 22 93 48 70 42 8 88 98 52 99 10 97 17 83 4 46 86 40 50 16 12 67 84 39 25 43 8 22
93 41 52 4 5 81 26 35 16 19 97 34 50 44 48 95 40 16 7 63 20 63 65 92 46 64 49 48 53 99 92 70 37 38 79 24 0 70 98 50 26 9 70 88 68 39 78 67 71 2 24 55 12 92 55 24 24 79 21 4 48 60 37 21 70 17 14 9 38 40 40 22 38 57 77 63 34 80 28 41 83 94 99 30 4 21 76 39 49 74 7 96 33 86 32 9 88 8 73 6 35 38 14 54 26 39 31 18 95 94 53 71 61 86 11 87 0 50 91 84 22 66 77 8 29 73 58 15
26 74 16 32 90 33 21 63 89 30 25 60 45 66 84 6 15 67 75 56 3 41 51 1 26 14 30 63 89 95 69 34 56 55 26 8 45 65 67 9 32 84 72 23 89 84 34 58 96 52 88 68 29 0 62 28 5 11 79 72 4 24 84 69 91 36 0 73 25 70 23 25 33 61 93 97 15 26 78 99 75 78 39 36 11 71 61 27 11 58 4 76 86 64 49 35 71 96 28 21 35 96 98 58 18 53 17 95 44 48 48 53 35 98 67 2 29 62 23 97 98 23 77 39 30 54 77 72
3 34 15 35 13 50 34 45 5 28 65 93 92 32 20 49 19 55 96 52 37 14 23 93 41 69 56 33 29 39 41 69 39 48 58 89 68 94 9 55 17 41 19 17 42 73 15 35 92 46 47 50 91 2 72 9 48 93 19 71 73 68 47 37 66 89 4 14 28 76 8 18 44 98 33 18 97 78 93 11 63 71 18 41 21 84 91 45 81 38 96 41 18 29 51 18 22 47 27 74 84 63 49 43 33 1 98 88 73 56 51 88 30 7 38 16 44 30 69 27 0 65 3 84 50 96 92 16
9 59 7 11 99 87 34 46 31 0 65 26 64 93 79 67 55 24 12 49 4 97 52 84 30 39 65 57 12 74 5 25 60 85 51 50 58 96 3 83 88 65 26 45 12 46 0 3 89 48 44 99 16 14 78 16 12 36 14 13 47 38 16 41 85 63 27 15 85 18 81 73 41 33 87 28 11 41 84 28 72 52 30 22 81 57 24 79 8 61 41 83 14 27 3 13 79 97 74 55 84 5 70 70 24 12 50 99 96 56 27 61 4 93 50 80 30 95 39 6 63 5 80 43 98 71 97 89
92 84 75 77 90 14 9 77 93 10 66 41 20 30 86 92 18 75 86 55 72 68 0 80 76 24 49 8 74 99 67 76 12 53 41 44 10 4 36 79 44 7 66 67 60 36 8 17 0 7 63 65 46 35 52 42 4 68 24 0 88 18 64 97 7 35 27 4 57 8 96 23 74 36 48 22 4 66 37 43 34 56 22 84 11 35 88 4 9 26 14 95 7 50 8 35 67 53 48 81 33 6 32 24 58 71 52 81 14 38 83 22 93 46 51 76 3 42 12 62 92 14 79 79 15 44 60 29
78 47 83 59 11 0 92 40 79 68 73 18 53 72 34 85 36 10 23 32 45 57 89 16 87 34 87 75 6 75 57 38 97 57 69 78 13 13 85 37 10 88 42 68 40 2 72 19 11 19 18 6 70 18 34 48 88 74 56 41 84 73 61 63 20 98 86 68 9 44 56 30 95 59 6 57 79 50 49 41 95 80 23 88 26 40 72 49 83 60 57 19 12 62 7 79 97 96 51 38 11 21 68 1 51 89 2 10 24 99 59 63 86 14 84 41 27 32 2 17 11 58 67 82 96 96 53 39
87 12 65 11 71 64 61 15 85 39 90 99 77 12 69 89 9 97 42 74 31 11 83 0 64 15 95 21 14 19 28 9 76 51 46 96 96 41 43 98 66 79 41 90 72 34 14 61 13 54 55 67 1 69 25 7 62 67 22 12 55 16 56 43 73 38 8 41 20 70 85 29 3 38 25 6 33 17 30 44 21 30 53 88 3 24 23 86 49 84 93 64 82 1 88 69 92 4 3 3 9 44 10 74 12 13 99 27 4 42 30 98 26 63 88 37 26 60 77 23 72 90 78 50 0 33 25 63
1 46 37 5 10 94 92 99 50 77 39 97 84 80 66 77 93 20 64 99 39 70 86 95 40 65 33 6 7 79 33 41 80 26 25 30 65 21 20 19 72 99 32 59 22 83 19 6 37 0 43 72 27 77 62 94 56 49 28 84 17 76 64 96 94 32 95 32 19 92 3 2 78 47 65 68 13 3 89 10 5 86 12 21 41 67 95 53 38 36 75 48 7 10 39 30 66 52 1 55 6 26 76 39 25 73 53 26 16 56 2 98 3 59 84 15 7 46 78 25 65 1 38 10 61 98 46 18
7 54 76 29 21 89 19 32 77 70 11 66 60 92 55 99 88 38 75 86 61 21 39 19 56 16 14 99 67 3 33 74 53 49 16 38 54 5 13 89 1 82 2 88 43 90 67 14 76 10 21 26 64 39 21 12 3 27 61 15 24 59 8 62 44 33 37 39 0 92 44 69 36 37 57 13 48 84 17 96 23 22 55 63 71 54 65 3 32 52 70 71 58 64 50 89 34 39 41 44 39 88 23 23 93 26 33 58 74 83 84 6 67 56 43 85 8 98 16 99 89 84 63 18 65 22 8 92
32 0 35 65 5 83 69 32 7 31 80 43 18 67 90 65 24 23 59 36 30 27 25 70 86 44 17 57 43 37 3 75 13 91 24 81 27 51 1 94 98 17 31 1 4 54 47 13 74 17 84 42 3 91 12 13 96 90 35 38 44 35 13 65 36 16 82 71 75 53 21 45 73 29 30 36 90 85 3 42 5 24 14 37 79 87 56 65 88 59 32 79 19 40 86 40 41 69 15 77 28 61 16 27 13 77 88 85 97 29 88 58 68 94 60 68 32 99 25 10 65 14 73 46 95 58 9 68
44 79 18 45 80 28 30 33 67 28 45 53 46 92 80 36 7 82 14 25 56 20 35 28 86 55 67 34 12 46 72 88 43 21 15 45 76 92 24 49 66 84 63 76 71 32 1 45 90 53 53 61 91 3 54 38 9 93 11 78 96 84 34 24 92 1 72 57 86 23 1 43 24 80 96 77 59 18 27 70 73 14 62 85 43 72 2 32 92 29 10 68 20 44 18 75 69 89 47 33 39 77 48 32 57 72 72 99 73 75 16 31 22 67 43 4 28 1 53 93 0 39 96 24 18 21 52 40
7 4 91 74 74 1 94 86 98 7 36 44 85 71 67 20 53 82 28 44 36 57 48 51 87 11 35 10 10 98 27 21 93 11 25 88 87 65 18 51 80 30 38 62 13 24 92 90 5 18 17 96 56 59 91 52 26 70 11 27 46 30 56 65 97 77 52 36 69 78 97 25 17 64 88 44 95 64 61 39 97 43 81 47 6 95 82 53 47 5 54 90 60 87 9 70 87 36 5 45 62 94 95 12 69 24 70 98 74 81 25 97 12 25 75 29 88 91 91 98 9 47 39 5 89 39 19 26
80 50 71 42 17 53 41 67 51 47 58 99 76 12 68 29 62 76 83 21 82 62 17 99 84 18 36 49 97 7 95 24 53 24 70 41 44 29 23 82 65 23 0 73 12 24 39 77 27 72 97 38 23 5 89 92 18 63 35 74 31 93 18 22 14 10 18 82 11 72 69 11 21 56 13 9 77 4 24 91 21 70 64 10 45 78 16 2 4 94 64 10 26 58 24 52 56 33 47 10 82 24 75 48 87 14 23 76 43 64 72 56 9 79 50 85 92 91 88 88 68 15 52 35 14 29 65 73
59 22 89 11 41 84 92 15 25 75 18 96 69 47 22 81 67 64 11 97 2 30 68 18 67 45 60 42 83 18 94 34 53 13 21 81 95 23 49 17 40 74 77 96 27 96 44 23 0 62 96 11 83 97 25 79 92 97 30 20 82 92 96 26 29 87 98 58 49 74 93 76 66 72 35 65 33 97 25 36 13 38 88 21 38 93 55 47 80 35 38 3 23 67 87 44 23 17 32 2 36 67 68 86 43 51 84 34 2 42 23 64 26 9 14 20 89 11 83 20 13 49 50 61 82 83 12 96
26 75 72 29 39 34 66 99 32 58 19 73 8 46 91 40 52 20 34 14 16 0 46 46 51 86 48 66 32 20 8 23 43 92 15 40 31 2 13 4 56 95 2 78 57 45 81 88 6 88 90 89 32 67 82 7 21 8 25 43 94 95 81 26 50 82 60 50 8 81 80 40 30 96 1 81 4 56 20 47 31 49 24 69 9 77 70 53 5 3 85 66 34 31 29 18 4 11 59 18 47 2 63 53 68 45 13 56 69 46 38 60 39 39 10 76 61 69 2 58 99 8 27 56 18 27 73 26
80 61 70 70 69 85 17 57 0 38 11 36 60 23 61 96 47 45 89 14 77 54 48 82 83 72 83 6 71 79 1 19 26 15 48 41 88 21 10 96 94 56 4 7 91 26 49 78 60 80 23 6 27 59 33 27 1 15 71 14 99 78 59 97 38 74 67 35 29 78 1 35 77 63 98 68 44 34 83 15 54 78 15 86 98 80 37 23 11 27 87 11 50 99 89 58 95 27 22 55 38 18 56 60 74 6 60 50 26 11 5 53 45 61 8 55 30 7 65 97 80 46 26 48 34 17 26 32
6 6 70 42 62 84 4 93 72 80 11 90 76 18 58 78 34 66 6 46 95 23 52 19 91 99 17 60 40 94 96 65 16 30 38 25 49 11 10 40 5 5 44 29 44 58 0 83 29 31 8 18 12 58 77 23 21 82 12 11 50 91 31 1 23 97 92 11 41 94 58 64 53 62 41 68 23 9 42 45 1 8 7 85 97 68 98 94 76 44 53 99 61 91 54 39 25 35 96 92 45 40 9 55 23 12 6 17 65 60 40 32 51 79 48 61 60 4 49 28 47 82 42 3 86 32 39 76
95 59 98 79 84 1 11 0 16 91 64 87 42 46 68 40 79 59 3 95 21 94 99 39 88 86 1 8 55 48 63 95 44 88 63 18 75 24 20 40 76 74 66 0 31 71 64 8 70 70 27 53 1 12 12 11 41 82 17 63 6 72 95 14 27 43 12 65 79 94 13 42 52 91 74 60 47 46 23 24 68 60 47 46 23 0 33 20 74 42 28 89 28 21 57 65 38 37 95 71 58 28 97 11 65 93 70 43 59 6 69 84 61 75 32 37 74 72 62 44 95 52 56 8 87 77 25 89
78 82 2 91 50 82 38 62 46 7 43 38 32 76 78 69 21 73 39 89 15 0 51 21 8 82 61 71 88 14 18 25 79 18 38 97 25 17 75 62 71 25 43 20 43 4 88 87 7 83 46 77 46 55 41 90 67 30 36 15 95 5 77 13 79 76 59 36 26 4 98 85 25 39 3 2 36 14 29 35 58 39 67 45 16 48 1 88 65 70 80 82 46 5 78 54 55 35 79 47 65 12 9 77 47 80 4 38 67 3 9 85 14 26 37 13 93 69 25 66 77 34 34 11 15 92 48 76
20 95 2 33 41 74 45 11 66 15 12 12 14 73 86 84 15 45 22 3 7 80 95 6 54 69 19 29 88 41 97 4 97 65 99 0 60 91 11 78 24 41 15 12 55 17 50 62 75 89 8 89 74 51 30 47 90 96 69 49 67 11 48 53 32 88 6 88 23 43 84 26 71 88 89 52 37 3 43 68 95 81 45 2 89 47 19 13 65 24 19 46 55 91 58 11 4 76 51 46 40 95 94 32 84 93 24 43 57 11 46 56 24 46 54 27 14 21 43 95 21 19 34 81 79 81 48 97
87 83 29 18 73 91 67 97 77 25 82 82 73 72 67 18 93 90 60 74 94 67 81 90 84 84 42 60 97 88 35 46 35 11 65 63 60 61 0 98 16 9 38 30 85 76 99 52 50 85 82 8 91 47 73 71 50 38 18 53 44 11 92 24 23 54 91 23 59 72 80 19 69 93 23 5 2 99 46 45 47 76 22 51 36 52 91 79 63 32 9 46 31 11 36 66 29 38 79 57 72 7 62 32 75 61 9 72 74 28 91 64 42 78 51 18 59 11 70 35 12 40 82 58 7 74 68 9
51 0 59 59 14 95 85 57 35 74 25 27 14 98 11 97 63 29 16 1 93 90 48 23 94 11 69 25 42 62 15 92 55 71 44 32 32 64 99 73 17 6 30 19 94 74 83 87 87 58 16 46 31 63 81 48 50 33 17 60 15 28 86 0 47 81 70 71 6 49 17 81 21 60 55 98 82 6 82 73 49 38 55 66 53 29 45 3 45 13 8 95 24 83 21 0 78 78 63 92 3 44 31 71 46 73 2 27 20 88 48 87 80 67 65 42 55 7 81 17 63 18 18 21 20 3 5 99
3 21 13 38 74 93 79 98 5 93 8 48 67 28 39 23 82 15 2 70 14 44 20 78 59 5 16 32 94 18 58 95 92 89 37 78 50 24 67 94 82 26 46 95 86 33 35 98 48 93 30 58 57 22 64 76 95 39 10 88 34 26 64 4 1 87 11 85 23 44 6 50 96 31 46 0 82 14 50 58 9 86 26 17 22 62 59 38 99 28 24 58 29 4 59 77 72 34 56 90 16 10 93 73 91 42 20 86 90 23 98 0 47 10 71 76 36 70 54 38 94 86 36 4 76 38 19 8
6 40 56 54 10 75 37 0 51 98 71 60 1 34 49 65 81 89 32 29 82 35 40 11 97 30 13 6 50 85 13 86 52 92 57 73 19 8 73 71 21 52 24 30 0 85 37 44 57 0 80 5 3 27 96 89 42 88 9 0 38 5 29 94 73 55 94 36 38 88 83 27 98 49 78 16 32 53 22 43 51 93 81 57 83 18 54 96 81 63 9 48 42 49 87 60 31 89 46 2 38 21 49 7 59 28 52 71 64 31 43 60 98 72 6 1 19 80 73 99 28 35 89 31 6 61 69 26
31 94 68 68 44 42 99 39 95 22 32 0 68 96 83 47 9 95 24 20 90 16 70 61 72 11 90 78 82 13 9 83 79 81 95 41 3 94 65 94 32 56 72 16 31 53 64 20 71 95 60 61 66 47 86 11 44 99 9 86 22 6 24 25 38 40 35 13 25 99 0 61 8 82 37 96 33 13 85 5 92 86 14 68 36 3 25 5 15 82 76 99 12 50 93 42 83 79 96 73 66 76 60 35 4 60 78 7 16 75 25 96 46 14 44 42 11 33 53 77 67 49 90 8 69 41 27 8
77 87 62 31 47 24 65 13 82 45 94 93 40 87 16 10 69 67 64 27 56 48 44 64 48 42 30 16 91 43 30 75 63 42 83 71 76 43 39 37 74 37 34 4 76 13 23 46 88 43 15 8 2 37 15 20 24 68 87 71 67 24 58 74 47 57 36 28 60 91 45 22 49 85 60 92 70 24 49 44 10 97 65 58 30 95 57 35 88 3 72 50 46 28 96 71 91 80 20 95 75 47 4 41 82 18 65 24 43 90 63 15 92 69 67 86 16 14 84 26 91 75 73 18 8 94 74 67
32 93 12 40 89 48 17 42 5 47 48 99 79 84 0 44 97 27 56 62 50 36 31 11 98 92 43 79 91 51 37 36 28 42 15 45 47 91 19 44 23 6 46 52 39 16 59 83 13 11 57 87 6 7 98 37 41 21 43 4 69 48 5 4 48 53 64 38 8 56 11 17 1 32 13 82 37 38 32 47 42 28 20 23 52 72 95 2 99 62 4 21 49 72 87 77 16 32 75 28 63 86 40 81 21 57 86 54 3 8 26 19 11 55 5 36 41 25 63 78 49 6 61 66 15 54 85 52
74 54 47 96 6 78 93 15 17 80 4 64 13 13 57 60 11 47 12 93 16 32 23 87 3 34 72 68 52 37 2 71 56 96 20 65 73 87 70 62 75 92 78 55 54 57 81 10 86 7 25 81 76 48 59 74 48 59 27 42 94 20 58 75 28 70 94 62 43 89 19 77 41 64 44 4 44 72 23 88 76 9 59 75 9 17 42 49 54 32 11 53 53 87 3 94 48 91 97 66 62 66 1 28 79 83 67 35 48 75 33 86 0 58 43 79 34 15 77 22 20 1 33 75 66 65 65 16
97 2 18 96 86 97 83 64 3 68 22 82 4 14 73 82 90 3 58 16 89 46 89 65 88 16 48 9 82 3 93 68 4 97 25 96 31 56 84 92 31 47 28 51 86 95 76 8 61 30 72 48 98 36 71 73 22 87 62 10 17 63 77 80 68 48 46 39 80 29 29 75 0 12 47 61 19 61 89 72 53 50 25 16 58 62 82 32 60 0 17 16 65 46 46 6 3 7 63 10 35 33 4 81 3 33 29 25 10 51 77 10 36 69 28 54 80 67 58 41 60 97 56 70 18 22 28 35
17 8 18 33 38 14 40 2 44 86 28 64 19 87 62 90 63 91 74 23 25 53 56 50 33 67 86 18 36 69 75 69 64 2 15 68 50 66 34 3 78 25 82 81 58 59 39 35 26 80 6 71 22 45 93 67 95 42 96 84 19 33 33 55 19 96 74 49 35 5 78 71 17 96 58 79 3 79 97 81 33 75 19 72 45 79 28 77 75 57 87 84 47 57 92 93 89 54 83 68 92 85 38 52 57 61 60 47 98 70 92 8 89 93 84 21 79 56 6 8 64 9 45 37 75 80 33 18
66 48 74 43 77 73 54 46 72 74 55 8 56 57 22 10 12 92 79 62 90 45 72 20 50 46 10 56 99 7 70 98 29 83 47 57 98 63 35 88 42 80 39 90 66 71 18 89 1 6 96 80 70 92 4 80 91 71 83 89 90 16 61 83 97 81 92 92 46 56 49 77 82 3 99 22 47 87 89 44 57 58 20 3 4 84 70 64 47 17 47 83 89 44 81 8 97 42 29 1 46 59 15 79 92 15 55 68 63 31 16 56 45 22 36 34 95 31 59 40 37 67 65 56 32 77 72 22
28 19 24 77 91 95 23 40 53 64 88 24 48 21 87 59 29 44 22 46 48 6 42 98 16 58 45 77 0 43 0 28 34 60 75 80 28 84 11 13 48 46 83 90 35 87 49 83 10 96 59 21 63 66 27 75 20 67 51 56 95 50 69 21 54 12 10 76 83 45 13 30 94 5 41 97 87 72 72 30 90 37 81 91 82 78 47 46 38 14 47 8 55 37 70 23 98 71 31 95 63 24 93 81 0 35 69 44 93 89 44 44 67 29 33 39 10 97 63 69 17 27 35 16 97 0 2 59
93 25 95 90 42 38 18 41 43 18 83 65 43 27 59 9 13 3 50 71 54 63 88 80 63 3 49 45 13 24 78 37 78 23 37 98 30 43 96 44 93 47 94 73 37 70 38 31 83 14 62 11 18 14 35 94 68 11 19 63 41 22 27 37 51 82 94 13 69 17 68 3 47 31 86 20 48 54 32 76 22 17 42 15 85 76 84 17 43 26 24 88 89 26 48 85 9 57 55 58 89 72 78 42 63 48 36 48 81 64 53 48 45 82 75 78 31 26 56 69 0 0 50 78 81 55 95 50
21 68 85 57 10 85 0 94 84 51 17 50 41 36 45 90 56 32 82 44 69 81 82 81 88 13 62 52 12 84 25 41 56 98 23 62 36 90 69 66 46 63 84 43 95 24 32 37 77 18 79 40 49 0 77 80 98 7 16 0 65 61 20 8 39 30 76 50 57 44 69 73 39 22 58 52 25 14 19 3 69 29 16 84 44 5 11 42 18 83 45 77 82 93 31 8 3 64 84 47 59 5 86 80 64 83 64 52 42 19 30 80 85 79 62 7 12 20 85 43 27 99 51 22 85 17 61 42
62 28 95 61 40 94 26 92 26 38 38 84 98 94 5 15 21 77 27 3 0 58 59 33 35 73 43 15 4 22 19 68 67 79 40 52 28 93 75 27 22 39 52 77 83 69 26 73 62 69 90 12 34 6 57 34 31 38 36 18 10 26 8 8 53 96 45 87 79 30 87 60 91 97 43 32 97 34 75 57 83 33 22 95 55 42 14 95 6 70 26 74 28 83 16 54 40 15 72 52 37 42 39 43 44 30 15 78 22 61 91 74 63 86 21 90 79 15 13 64 47 73 29 73 36 64 68 83
88 58 93 89 13 79 0 84 48 20 56 7 38 17 40 93 41 41 90 75 84 46 80 6 72 26 50 47 79 60 48 39 86 67 85 68 30 30 36 15 11 59 18 90 55 82 63 65 24 12 14 44 80 90 4 50 59 70 36 71 92 42 61 56 10 85 3 28 84 37 92 54 3 88 31 8 15 93 86 76 80 10 11 48 33 53 98 47 49 38 22 75 27 39 87 46 73 65 58 48 96 54 42 8 45 25 32 92 31 11 63 67 63 69 38 93 82 64 45 47 26 37 66 0 68 97 18 72
24 25 36 16 77 15 2 60 68 74 95 90 44 55 29 28 2 31 68 5 53 43 70 78 48 18 9 16 9 78 43 82 79 26 47 41 28 93 69 93 88 27 56 78 24 34 54 98 22 4 48 72 91 2 97 73 68 6 91 46 46 18 86 52 91 27 69 55 4 50 68 32 33 71 78 85 7 57 74 81 51 87 66 46 28 68 70 50 36 41 51 66 83 95 21 36 67 76 15 22 69 78 65 56 61 29 4 98 73 9 21 11 14 15 14 89 5 27 33 55 66 78 89 90 63 63 2 19
28 28 28 28 49 98 12 82 73 64 10 70 15 39 13 97 55 49 59 62 35 74 81 5 73 30 75 57 86 60 52 98 3 24 37 67 94 48 80 53 11 87 16 65 12 45 62 61 36 34 78 85 30 88 4 41 81 35 83 97 65 95 31 8 6 65 28 17 41 92 46 26 30 48 75 27 61 20 51 43 39 63 33 48 22 75 30 20 72 53 14 97 14 72 97 35 61 75 62 56 9 36 47 68 82 53 93 60 23 15 46 61 54 51 31 32 94 67 18 53 37 39 44 32 55 65 32 58
8 12 23 74 1 88 25 29 80 89 79 87 11 80 72 18 42 93 9 36 10 29 15 41 87 21 24 80 92 18 5 89 63 46 19 55 6 43 87 17 70 81 85 77 72 80 87 49 26 60 25 93 6 9 97 81 41 64 21 88 88 41 29 10 0 32 36 14 62 47 22 74 88 18 26 89 15 12 61 33 82 45 26 48 18 0 87 54 21 49 24 34 83 79 77 55 60 36 17 84 12 36 17 22 47 89 20 57 78 68 33 63 32 94 65 84 73 15 86 29 24 79 68 82 64 2 6 37
40 24 19 98 36 20 36 20 1 12 84 34 40 84 87 69 47 67 52 76 21 2 95 89 56 36 37 7 21 89 78 15 14 70 10 76 0 45 15 26 27 75 64 21 10 74 95 1 73 90 94 31 73 24 34 83 88 80 57 48 94 16 51 0 36 49 48 56 2 1 65 70 74 40 71 69 28 86 52 10 21 71 37 38 96 55 7 40 51 64 96 53 84 2 90 69 31 86 17 47 77 88 67 55 46 67 99 30 96 36 14 99 37 93 73 5 63 75 77 85 79 4 41 45 37 91 40 38
78 35 94 27 4 95 8 89 27 27 79 43 78 91 54 11 76 12 82 95 77 41 88 29 58 23 10 12 38 73 96 81 7 37 99 0 11 89 14 80 52 65 62 16 6 66 78 38 7 96 5 29 10 46 7 77 0 84 97 67 50 24 35 1 15 89 83 38 39 11 17 75 65 6 33 9 64 65 82 97 34 62 18 78 71 69 78 76 56 81 99 7 57 39 16 7 15 1 5 8 48 55 7 60 26 97 6 29 42 54 67 99 19 2 14 78 96 25 47 45 94 67 32 78 27 73 98 38
57 66 5 52 81 33 1 36 10 72 33 10 39 63 94 37 19 6 39 98 80 0 29 89 68 19 80 79 73 72 64 9 13 4 37 59 89 16 73 37 53 21 6 36 3 44 19 8 96 18 83 11 74 51 84 5 89 62 64 20 65 74 37 21 12 87 47 63 61 97 75 98 22 84 72 60 14 89 46 83 58 5 45 98 42 47 61 60 49 44 20 0 33 91 33 95 79 87 10 94 1 55 42 33 49 27 79 63 13 31 33 76 9 15 59 46 11 52 34 42 61 86 23 17 52 47 27 46
54 80 74 47 89 71 69 1 98 86 33 16 9 41 8 57 95 24 4 85 59 56 11 50 68 66 52 42 78 89 90 24 58 31 4 23 44 60 62 73 94 11 81 95 88 21 41 14 9 1 96 13 50 18 32 74 4 53 27 14 11 93 65 52 21 61 8 68 66 9 2 49 33 14 4 31 24 67 89 45 4 21 24 22 66 70 85 59 86 71 42 66 25 57 15 29 47 11 90 97 96 31 65 63 76 68 90 72 29 67 76 43 82 3 30 78 23 90 81 25 63 82 93 32 66 22 78 23
42 18 21 5 53 86 14 25 8 31 70 19 72 88 30 51 94 27 98 44 68 97 47 26 39 4 10 47 28 71 43 41 87 48 42 19 90 29 69 57 2 35 84 85 62 86 68 15 69 37 56 65 77 25 28 96 99 59 84 41 27 99 65 37 89 87 51 66 79 6 97 88 92 5 18 12 66 84 82 27 53 29 16 24 52 1 88 64 94 80 26 68 26 96 75 38 95 71 30 69 97 75 23 83 60 59 76 99 35 15 28 77 41 5 98 41 51 73 5 96 67 90 92 19 29 87 3 75
63 30 39 88 6 24 94 18 73 6 43 47 8 98 21 34 91 68 25 69 62 6 30 40 77 14 93 9 83 28 81 64 2 66 16 58 8 94 24 0 61 53 27 82 90 40 46 20 15 24 62 27 33 72 40 50 29 72 85 52 58 3 18 66 86 46 85 16 39 16 72 59 46 81 40 82 68 68 55 41 48 40 58 25 20 60 82 93 79 29 84 93 87 50 55 34 18 34 21 77 74 60 62 68 44 4 22 56 91 1 30 79 35 21 39 41 54 78 8 20 83 53 60 35 20 7 36 21
21 63 30 19 87 4 11 86 87 57 57 74 56 28 0 68 20 45 35 1 89 63 71 79 79 5 64 3 72 55 66 23 74 18 22 77 87 43 97 90 22 67 16 33 38 81 99 71 97 8 58 26 47 67 17 31 63 33 60 45 96 69 68 52 55 3 24 20 9 81 46 33 61 98 91 39 92 76 95 42 30 35 41 21 86 73 30 7 86 77 13 2 7 44 10 27 56 54 87 60 91 49 64 14 81 6 54 35 60 95 52 3 78 69 40 89 30 82 13 5 26 74 18 0 7 36 59 71
76 99 57 82 6 25 83 52 60 26 52 86 98 72 16 52 65 33 10 8 55 38 68 19 43 29 1 44 16 89 81 72 27 22 55 49 11 72 64 1 36 18 2 39 4 10 53 68 77 16 53 73 74 96 81 64 16 31 81 38 45 78 91 79 23 95 28 82 94 52 55 41 53 96 11 81 83 95 77 56 21 17 88 58 5 49 43 6 93 99 1 87 67 6 33 59 56 10 35 6 92 29 23 5 62 83 33 73 10 46 9 80 27 13 51 36 68 6 62 95 57 85 47 87 17 45 56 55
14 88 63 80 73 46 8 28 39 41 17 67 2 11 76 42 83 83 48 25 14 43 58 75 64 98 52 90 15 2 31 44 50 90 93 88 72 28 0 87 73 98 47 70 14 33 27 60 9 86 13 80 15 42 97 32 52 78 17 61 36 5 84 59 74 90 98 83 11 76 29 22 21 98 17 45 55 41 91 63 96 90 3 92 9 28 41 61 75 2 37 23 32 48 88 58 46 0 91 53 37 20 89 64 62 46 72 64 94 37 93 61 58 21 37 34 66 23 80 60 69 10 76 91 34 28 15 27
25 7 12 75 59 76 52 57 38 11 51 32 60 56 23 85 11 71 18 70 48 35 55 30 44 83 21 82 24 63 40 47 95 16 62 97 40 8 87 16 94 46 3 13 18 13 96 41 61 88 61 33 14 73 78 19 23 40 17 18 66 20 90 15 80 65 50 24 4 0 47 73 27 72 56 32 88 63 89 58 15 3 9 22 96 4 68 1 95 2 63 46 36 17 15 25 80 32 8 29 88 38 12 77 17 74 9 90 95 51 52 36 95 22 35 44 61 91 99 1 3 58 81 67 94 41 99 84
44 33 65 63 75 5 55 24 59 81 6 97 8 88 82 4 83 54 85 94 8 9 39 46 6 16 83 20 78 70 80 24 17 88 61 9 58 7 15 3 78 58 62 93 4 77 35 94 44 40 13 74 51 44 18 16 16 58 71 18 36 93 7 57 64 22 98 57 4 78 79 60 95 92 38 21 34 7 96 66 84 5 13 34 26 53 96 26 88 38 84 3 96 81 95 41 5 27 61 60 22 45 99 86 67 27 0 71 12 26 30 61 97 16 54 13 53 66 87 31 83 30 54 3 38 60 39 51
16 9 49 13 86 88 30 89 43 3 51 32 55 17 46 16 96 79 27 41 71 64 99 23 4 47 27 38 77 59 49 51 99 87 40 11 85 40 69 1 53 89 71 61 58 96 91 3 65 65 94 32 99 88 78 43 59 90 84 44 1 80 64 5 30 23 67 96 78 93 99 16 3 25 34 16 16 43 36 80 33 57 38 27 28 74 57 36 98 61 32 76 96 14 24 60 60 77 62 11 76 71 88 12 73 96 86 73 94 67 77 5 39 98 9 89 80 46 48 98 96 71 71 4 60 14 69 7
7 79 56 57 80 18 46 15 46 34 1 84 10 21 95 79 42 56 0 56 31 59 50 45 54 73 22 30 52 34 37 43 40 37 85 64 82 41 46 21 4 16 65 77 8 38 35 36 33 55 4 44 44 13 57 42 19 91 92 29 59 87 48 33 97 23 77 32 95 88 11 37 10 89 8 79 98 23 35 32 87 61 30 56 41 0 91 11 3 32 11 39 76 48 9 85 33 95 0 12 3 12 39 38 48 64 55 98 77 13 84 41 74 58 17 78 62 18 39 26 94 14 50 88 18 3 28 32
53 99 21 78 52 37 57 63 3 65 67 86 31 4 2 45 57 23 96 54 71 46 94 72 25 51 35 82 91 8 26 53 3 85 75 78 10 39 7 81 26 28 48 92 95 51 99 32 51 53 24 0 3 32 10 86 16 45 64 89 55 0 58 81 18 29 49 21 63 69 17 62 0 55 13 19 87 42 11 80 78 1 7 28 26 48 72 82 70 4 98 31 41 60 88 88 26 92 23 64 9 37 3 47 99 14 66 49 79 31 63 39 19 26 86 16 31 98 19 95 69 92 70 40 88 65 19 39
71 49 83 73 83 5 47 74 14 3 77 84 24 72 59 94 4 64 33 24 30 49 71 99 63 30 38 1 29 47 12 5 21 19 71 71 59 6 95 89 68 82 27 53 81 51 69 19 28 0 31 79 91 76 83 97 52 80 0 23 9 91 18 16 94 79 15 96 40 82 61 48 6 63 17 61 50 76 79 3 90 9 4 92 97 3 30 29 94 51 1 46 90 86 12 54 9 97 3 69 71 14 52 10 82 61 0 95 61 57 18 56 47 74 22 73 20 47 76 16 78 30 76 34 96 15 18 76
67 47 63 69 61 57 4 88 59 90 36 41 25 58 99 75 31 63 85 34 79 73 53 42 22 24 92 92 98 42 82 34 9 81 24 63 55 1 5 45 4 55 45 71 65 1 30 28 14 19 16 62 52 50 50 42 41 88 3 10 15 27 40 93 7 53 77 17 1 41 30 9 87 37 61 64 51 21 22 99 44 91 67 5 32 49 12 1 89 51 11 88 43 4 90 64 3 93 22 39 63 23 25 81 26 76 58 84 49 52 41 55 13 15 4 86 58 27 3 73 31 64 46 79 97 61 42 13
40 2 33 1 92 60 2 12 56 56 41 72 54 96 3 97 78 66 1 15 70 51 98 23 30 52 12 15 45 53 29 2 62 90 23 80 75 86 8 2 40 26 8 12 26 24 30 93 28 80 18 9 33 46 45 4 48 66 4 41 84 26 76 52 5 17 89 4 98 82 42 76 75 29 55 25 23 86 18 65 0 16 91 5 83 52 46 37 37 67 63 66 62 63 81 10 66 74 38 22 80 70 9 49 78 62 90 8 24 12 64 62 34 41 20 45 3 45 31 84 53 62 61 2 75 55 49 33
28 68 9 77 73 48 36 88 35 29 18 11 63 94 10 49 19 21 75 85 52 64 68 14 25 94 94 89 63 98 39 93 94 60 18 30 59 14 17 69 60 5 18 53 5 34 10 9 60 11 10 34 79 31 49 3 23 41 76 9 12 1 15 10 20 78 3 67 18 96 37 31 24 30 29 7 56 99 32 5 72 75 88 60 81 24 80 48 6 91 64 71 46 15 72 61 43 26 78 67 21 59 3 57 96 98 87 23 63 63 10 17 64 17 43 66 53 17 1 62 52 64 46 62 14 12 94 34
99 22 71 63 16 65 74 32 72 7 95 89 80 65 63 48 63 65 36 47 29 78 27 93 84 93 4 90 63 52 48 94 97 19 78 9 8 2 60 33 90 74 69 81 48 10 15 34 8 45 16 50 82 38 87 11 73 11 75 24 44 66 16 91 40 71 59 32 37 1 94 10 57 41 89 60 19 82 63 30 66 30 18 69 85 47 95 1 28 99 88 5 35 35 29 20 9 14 39 99 41 91 75 11 84 57 78 65 57 10 58 42 31 75 55 38 5 53 66 47 64 23 10 32 10 36 14 42
82 75 8 82 77 66 19 49 76 71 36 84 12 6 52 32 56 10 77 34 69 44 30 1 52 45 43 30 74 11 45 81 20 78 64 21 85 81 55 54 34 59 90 84 61 57 8 43 70 61 31 40 17 32 22 14 67 40 58 12 77 29 11 78 62 75 32 25 45 55 79 77 88 60 96 95 74 10 86 66 92 16 25 68 19 2 84 35 72 10 2 69 48 13 94 95 81 35 87 93 32 2 28 69 42 99 17 38 18 64 93 2 93 19 33 55 17 68 48 36 96 29 33 66 88 7 69 82
94 1 2 38 82 0 16 24 46 14 56 77 33 15 87 63 1 87 61 12 23 60 87 71 47 62 24 69 53 77 29 90 20 30 76 93 58 11 36 7 30 76 54 29 57 88 27 25 21 45 26 79 54 0 82 45 27 99 42 6 19 89 46 63 34 70 4 11 29 33 48 35 58 19 51 40 60 78 31 54 10 60 18 86 68 35 95 72 75 13 58 34 53 91 5 87 29 22 63 48 27 20 49 31 95 24 50 82 3 31 85 49 4 72 91 1 63 15 27 40 82 35 0 62 52 84 65 51
72 64 98 21 51 60 67 18 77 0 14 42 70 3 50 66 74 53 36 31 85 51 21 86 3 30 96 94 77 38 88 87 15 11 90 4 53 16 76 45 99 83 4 62 76 30 39 84 96 80 32 25 90 10 36 61 2 10 63 87 38 94 40 93 75 80 89 89 12 7 6 70 34 18 56 40 37 37 98 5 87 63 8 2 64 16 30 95 1 0 17 20 21 52 96 8 95 20 0 22 89 20 92 85 68 89 39 75 8 95 53 89 82 91 66 19 62 57 15 93 61 19 96 68 59 78 56 43
65 89 29 58 64 82 5 56 25 71 61 78 38 55 31 61 7 82 54 1 99 23 98 43 2 93 64 37 37 6 61 40 80 88 96 9 77 63 78 82 40 75 52 0 62 89 23 85 25 2 5 69 10 47 70 52 35 37 9 61 30 78 9 39 53 8 49 39 96 3 26 45 23 4 56 9 55 30 73 62 66 20 25 33 81 70 8 15 31 86 80 17 27 43 88 11 47 90 73 95 2 43 80 9 38 60 31 72 4 13 91 40 26 7 57 69 57 69 68 11 27 41 61 16 14 76 98 74
16 1 22 71 66 26 62 1 93 18 93 94 94 40 77 34 71 71 86 13 49 72 55 82 5 6 3 51 19 33 99 52 74 23 96 61 62 73 56 42 4 26 78 29 66 52 56 73 91 96 58 16 89 64 24 96 5 21 83 61 67 56 65 51 42 48 22 89 96 66 59 46 48 80 59 87 15 22 98 41 42 76 27 26 36 33 51 24 72 66 35 75 62 86 81 41 89 39 38 82 18 97 35 36 96 83 54 80 72 22 60 53 5 1 26 11 11 50 36 62 62 53 40 69 62 81 91 64
40 62 69 45 89 9 66 91 39 34 25 62 8 20 43 55 7 47 45 28 71 71 33 43 13 10 63 38 16 23 86 87 75 14 47 51 24 54 84 57 83 24 58 70 89 95 52 59 82 8 31 81 0 8 67 43 12 91 58 1 10 35 79 25 4 13 35 49 65 43 17 70 32 57 11 84 58 16 25 63 86 34 41 78 63 27 49 4 4 97 45 5 3 27 14 52 88 88 15 6 3 92 8 3 8 52 27 60 63 69 99 82 49 2 62 18 75 96 92 70 41 3 28 41 91 9 79 23
81 22 8 38 8 51 7 25 43 72 13 52 73 46 47 75 97 39 67 8 82 19 99 56 12 61 11 75 12 0 62 19 16 6 38 51 79 99 52 72 82 61 78 78 15 19 81 79 44 99 53 0 3 98 56 29 27 53 13 4 17 89 55 10 27 15 85 24 22 42 32 23 11 5 77 38 69 85 40 38 44 26 55 0 80 95 18 43 32 14 8 63 63 55 66 75 55 25 29 48 37 35 92 17 49 50 86 29 95 93 32 95 17 15 17 44 75 61 27 90 86 92 98 55 74 71 43 73
19 47 64 89 10 24 93 76 93 58 91 86 38 47 21 79 9 52 53 44 40 96 63 14 32 19 17 25 9 91 1 72 20 56 58 58 14 90 45 25 97 18 34 53 80 6 71 45 19 12 62 18 29 80 19 38 99 60 50 91 3 62 7 83 47 17 77 34 98 55 93 68 32 41 52 57 81 37 86 65 24 83 79 77 1 65 9 97 8 32 10 35 6 50 13 63 17 30 16 68 86 12 31 9 74 52 66 54 72 0 63 31 40 1 56 40 24 91 56 69 84 86 71 67 19 49 84 2
95 63 7 16 37 71 99 97 93 95 0 73 59 12 23 95 35 4 98 55 46 35 31 35 93 4 48 65 35 41 86 77 47 64 60 53 16 69 57 75 98 17 41 24 82 96 92 82 62 35 37 69 47 23 69 84 70 12 0 74 98 44 78 26 37 87 20 79 7 1 56 90 33 11 67 28 44 35 8 96 71 25 92 31 1 66 12 81 53 76 7 85 5 90 3 9 63 31 3 55 8 71 89 47 64 77 7 31 55 7 67 53 38 12 5 63 39 8 53 0 78 78 20 95 52 21 87 61
8 21 80 90 86 76 71 72 72 79 16 45 83 12 59 54 75 82 47 32 55 92 7 21 73 95 61 89 43 39 98 6 29 9 67 22 90 27 82 74 3 25 49 39 78 85 47 87 24 57 38 78 20 65 40 41 18 83 33 41 78 38 70 66 90 40 57 54 16 18 88 96 2 88 66 49 39 11 57 98 94 5 81 94 78 15 80 19 15 77 5 97 68 99 85 82 51 85 19 84 10 56 86 93 24 53 9 94 15 15 95 70 26 80 71 35 0 77 75 82 64 61 59 14 17 28 70 38
53 61 67 36 26 42 83 37 97 40 22 0 83 45 96 83 94 27 84 71 67 51 3 27 90 53 17 86 5 14 48 28 84 21 47 44 98 25 81 5 53 76 18 8 43 4 85 20 14 75 63 35 61 66 92 70 55 61 52 44 76 43 73 4 54 93 65 21 54 56 24 71 25 73 44 56 14 50 33 61 35 74 0 42 53 90 47 47 40 63 15 11 76 64 63 96 97 40 81 80 65 5 27 52 57 71 84 25 2 93 67 62 31 27 41 32 85 91 13 83 89 15 93 5 17 48 10 85
34 70 94 4 55 86 74 34 50 0 85 86 42 52 37 63 72 17 65 27 34 97 95 18 73 11 59 73 79 10 74 67 96 24 49 51 4 33 6 69 39 8 97 34 85 63 6 40 79 0 8 28 53 17 72 92 66 54 73 89 58 26 11 7 10 17 10 8 41 44 87 12 93 0 12 85 7 98 30 19 12 97 1 83 37 55 89 96 87 66 49 51 97 1 78 93 89 8 41 20 43 50 45 77 25 17 12 61 79 64 60 9 45 58 20 88 67 63 94 79 23 18 34 22 3 69 60 2
36 66 76 77 65 45 42 45 55 30 86 0 18 83 38 6 22 27 67 31 8 57 34 38 72 46 70 13 20 60 99 68 14 61 95 94 13 30 54 52 37 97 71 39 31 35 76 33 64 44 83 75 46 22 23 20 16 49 26 10 15 74 83 8 27 14 16 30 34 44 62 40 4 48 47 12 35 49 71 93 65 5 37 22 18 89 55 21 66 0 19 99 74 95 65 94 62 11 2 5 77 75 53 27 9 73 14 25 39 73 83 60 50 32 54 72 97 70 9 68 5 46 64 75 3 41 36 89
27 11 92 86 34 75 79 33 40 23 71 28 52 28 39 22 91 91 33 66 99 84 56 33 63 65 23 24 50 73 90 46 21 63 92 60 69 86 50 35 12 37 67 85 36 24 89 60 52 69 40 25 72 12 24 68 3 36 83 90 50 91 78 18 59 34 64 43 70 46 49 66 26 45 74 35 85 10 20 18 43 79 16 35 71 86 21 33 98 38 18 96 13 54 66 76 45 35 92 29 23 57 97 49 13 6 84 39 54 61 90 76 94 29 48 67 52 12 91 50 48 56 30 34 3 85 81 68
64 64 99 75 39 67 44 34 33 17 9 96 73 4 1 70 51 44 40 81 25 88 76 6 82 95 69 94 90 70 98 7 7 0 50 62 95 55 90 62 1 28 22 28 38 29 8 23 38 4 57 60 39 80 68 23 25 14 35 76 13 95 61 4 89 49 96 41 80 44 49 81 67 28 17 97 45 42 32 83 45 44 76 69 29 16 12 32 71 22 10 78 35 45 62 72 66 42 95 17 72 59 8 79 48 46 23 56 84 11 56 75 83 87 71 29 13 92 93 37 65 36 36 80 59 60 39 42
38 82 15 82 54 2 95 31 26 99 2 27 12 20 66 33 65 78 32 26 96 55 60 78 89 32 60 9 49 54 98 63 11 58 56 36 91 91 96 2 9 53 51 38 92 18 32 19 87 93 5 85 6 28 98 52 50 73 25 14 89 96 87 93 88 15 81 60 28 65 84 11 47 2 41 66 92 54 88 98 86 17 70 15 22 93 61 65 56 21 25 40 62 74 98 75 23 88 62 61 68 41 63 96 36 25 99 90 17 76 25 53 49 43 84 18 68 84 1 53 55 20 6 59 69 84 67 6
8 97 20 23 46 9 8 98 53 98 75 36 92 39 4 28 2 23 98 17 34 87 58 61 35 47 2 76 16 76 59 19 60 98 94 19 19 68 24 92 49 20 39 65 39 13 47 12 6 3 6 73 50 35 54 25 27 37 99 17 33 74 26 18 72 82 34 11 78 15 3 69 0 89 88 40 92 60 66 26 83 43 90 73 72 6 38 14 42 93 85 61 13 22 59 60 2 41 25 42 45 63 47 13 60 82 47 40 14 14 47 68 21 85 59 37 95 68 38 24 24 55 97 47 59 79 62 19
90 29 68 89 71 39 27 6 9 60 35 84 59 32 33 68 99 69 75 4 41 25 49 79 84 24 73 85 51 70 12 74 62 69 92 55 94 5 33 98 66 4 28 95 63 71 32 35 99 68 27 89 9 19 95 62 31 6 21 25 30 4 52 36 43 58 55 92 21 62 47 98 49 34 35 15 28 7 89 72 13 0 31 15 17 92 4 84 37 37 59 6 80 11 30 64 11 31 2 18 85 18 30 56 54 19 78 14 39 57 32 16 80 77 23 29 31 61 62 86 87 83 54 37 18 76 59 77
28 94 19 39 21 79 85 15 39 91 72 66 79 32 29 2 85 83 28 13 34 40 70 68 2 19 38 88 98 77 67 1 87 55 2 76 95 91 63 83 73 39 12 83 84 59 78 82 52 46 81 42 19 11 62 92 67 67 96 28 29 0 61 41 26 21 0 46 91 51 26 11 21 59 44 30 37 78 64 84 98 54 93 29 1 45 59 3 42 56 8 86 94 66 75 24 1 71 33 89 30 95 62 45 89 71 15 33 41 2 65 33 81 95 95 34 22 48 4 82 62 44 50 80 63 88 43 44
10 50 67 56 22 42 77 96 34 1 89 42 47 70 74 59 64 50 92 36 94 88 19 26 97 31 53 21 22 44 27 43 1 15 83 66 8 77 11 31 86 98 8 47 99 32 10 29 4 31 10 63 96 23 34 98 75 59 39 31 52 0 14 79 1 57 55 80 25 11 73 68 37 9 37 60 66 19 7 25 63 80 37 40 88 30 66 26 24 0 35 93 40 73 12 89 74 57 93 36 83 56 69 94 80 18 79 61 92 78 76 56 97 46 41 19 1 31 57 0 42 45 89 86 2 84 29 86
71 27 57 34 80 65 44 27 6 13 64 82 64 83 40 33 13 2 53 68 62 14 2 68 65 2 66 65 48 59 0 85 13 43 64 45 86 9 31 68 68 41 26 91 73 27 56 6 9 32 35 45 46 58 1 97 35 49 94 37 15 19 27 31 87 61 32 91 8 20 64 61 72 16 75 12 73 31 84 40 96 37 83 62 2 93 0 52 41 27 27 65 29 5 36 86 13 64 44 96 86 30 7 42 45 95 53 70 71 89 92 5 41 92 92 6 73 83 9 80 68 15 56 97 40 11 83 33
23 39 27 92 50 94 59 6 3 97 76 40 2 86 12 73 14 42 26 16 1 33 25 65 94 50 64 49 56 46 58 63 53 27 94 78 59 62 22 11 88 81 17 3 34 27 91 85 48 39 58 46 96 59 0 88 10 52 65 92 17 94 53 71 48 34 6 43 37 42 42 15 13 78 53 91 56 22 5 57 5 81 34 95 8 3 85 88 95 53 57 71 38 68 31 86 67 22 6 43 57 15 60 60 52 38 7 95 67 60 88 30 45 95 15 59 73 32 26 40 8 59 96 71 0 16 69 96
45 41 79 9 46 50 7 2 5 65 22 4 90 35 33 9 92 46 49 81 49 25 28 82 48 95 10 19 63 24 33 22 33 75 35 1 55 77 99 20 51 68 97 85 96 46 71 35 99 16 15 12 2 79 81 21 74 7 26 51 10 80 12 98 78 86 5 52 13 83 97 85 98 46 66 61 51 34 25 81 8 34 12 95 65 89 73 31 17 69 42 53 58 92 24 26 61 26 86 27 39 53 51 94 59 35 83 69 30 33 0 75 31 82 63 79 75 54 41 0 96 25 4 67 51 95 70 67
27 69 77 4 61 7 58 7 96 1 66 23 69 88 8 6 37 34 78 55 2 88 50 65 2 81 34 51 97 44 2 33 9 91 49 90 98 12 16 9 6 73 38 9 49 14 56 86 82 22 33 56 12 44 0 76 63 96 7 3 12 19 93 97 10 3 86 9 10 85 60 40 64 85 19 38 12 7 91 44 33 13 16 36 89 76 95 4 83 94 31 78 14 85 58 14 15 88 68 66 5 2 38 54 42 49 57 75 97 31 93 49 27 18 78 6 7 98 72 66 68 3 78 40 49 8 92 56
8 77 14 20 64 42 26 36 55 99 15 51 39 28 76 9 3 11 22 77 52 29 78 32 75 51 19 42 31 2 32 20 5 35 37 27 74 1 96 38 9 46 83 77 4 28 78 17 2 85 27 38 53 31 59 98 88 53 25 22 4 43 44 9 30 50 1 50 39 68 76 92 79 41 98 24 73 15 89 20 14 45 17 34 24 6 45 61 79 62 49 28 52 6 14 91 91 82 49 80 31 44 46 96 95 54 4 31 10 78 78 67 14 91 43 99 2 27 85 81 24 90 29 71 27 19 15 12
25 86 31 43 95 88 18 55 0 47 31 24 23 68 78 20 43 37 80 82 67 11 76 76 24 76 60 71 94 29 40 29 73 96 77 41 52 51 3 91 60 17 47 52 79 43 8 59 17 83 67 79 2 13 66 49 11 33 85 77 23 97 2 61 21 81 23 84 43 66 81 62 20 38 8 82 56 48 36 79 34 10 97 56 7 7 3 62 75 57 30 9 46 40 30 67 93 48 21 29 1 31 88 34 57 66 84 36 25 85 51 1 79 23 24 14 54 23 82 57 76 41 65 73 17 86 75 79
27 49 5 84 95 84 63 21 23 13 76 97 11 63 16 23 76 48 35 76 41 57 60 42 55 37 26 26 22 52 21 5 39 71 64 13 93 76 7 61 70 10 28 79 0 44 15 73 70 91 92 78 39 89 31 97 67 55 91 19 2 94 59 50 34 69 48 20 99 35 52 49 72 11 41 53 55 79 83 71 75 58 92 82 5 30 99 12 22 23 98 64 36 43 53 63 8 95 70 20 81 85 94 32 68 25 7 65 32 55 47 59 12 83 88 23 50 72 25 28 51 5 74 28 52 77 61 8
58 26 66 2 10 34 0 62 81 68 6 86 66 88 89 42 76 94 60 85 52 27 74 33 42 60 94 84 48 87 53 23 36 56 23 86 12 37 15 60 86 53 8 62 52 41 34 9 12 77 62 21 52 97 59 73 1 56 41 62 77 77 72 31 8 59 1 66 54 5 47 45 6 62 26 28 94 46 9 13 78 88 30 4 60 64 88 32 90 9 47 70 27 97 42 18 86 77 42 4 53 74 52 12 11 43 79 57 96 67 54 33 25 15 22 79 17 35 65 52 26 73 33 78 26 66 84 6
97 74 50 49 62 70 22 70 1 69 48 98 95 26 43 45 25 30 79 95 39 90 23 50 80 73 81 23 82 64 85 88 44 51 41 26 49 60 56 64 71 36 63 70 17 49 29 69 43 31 14 67 10 45 52 14 7 91 21 40 0 17 54 4 49 78 95 87 91 4 2 60 46 7 6 78 90 44 95 95 50 52 61 76 28 87 94 71 10 64 14 17 14 73 59 89 76 26 57 42 4 80 14 57 24 96 71 74 74 69 44 88 25 82 87 26 64 20 9 3 25 64 24 59 7 92 71 87
70 82 64 12 27 1 61 49 99 76 35 69 24 34 93 3 83 22 36 86 33 9 78 45 28 1 53 15 1 65 22 62 60 93 59 33 24 40 83 76 84 9 18 23 18 48 24 78 5 96 84 80 20 51 51 1 28 35 3 52 86 98 76 78 84 28 58 37 12 92 9 52 82 90 2 64 22 81 47 11 58 91 22 53 6 26 15 96 17 73 71 93 67 47 78 3 58 17 68 62 91 66 5 13 10 87 2 1 66 61 27 54 90 19 42 39 37 71 18 22 77 76 63 84 51 60 39 98
87 44 49 77 49 56 70 3 94 69 97 86 45 90 24 96 53 87 18 67 79 92 74 20 40 46 29 80 22 79 44 52 24 4 93 44 34 21 36 58 4 82 34 42 86 13 31 42 8 29 87 17 50 70 53 13 2 66 10 35 66 98 33 78 85 39 19 73 99 99 81 67 46 97 42 26 68 39 70 68 67 55 84 14 90 73 91 80 8 93 30 34 39 27 54 11 96 33 7 13 4 65 35 41 35 13 59 6 28 29 38 68 34 32 19 45 91 75 76 14 66 27 12 16 38 75 71 69
83 56 11 97 75 83 50 47 57 99 23 77 42 54 43 16 42 50 65 24 74 4 52 47 73 94 2 2 68 90 69 88 78 16 48 71 6 40 28 86 47 48 41 44 26 97 96 80 86 51 58 48 12 66 56 13 47 58 44 83 20 68 15 29 55 84 37 55 63 63 85 37 56 61 51 30 14 36 84 26 83 23 83 67 10 40 12 37 94 31 29 22 60 39 37 29 44 4 36 40 6 95 33 40 57 47 13 26 70 98 22 25 7 41 5 46 91 90 83 85 10 55 54 4 74 75 72 29
66 97 99 22 5 46 35 72 44 80 81 47 95 63 70 48 92 6 49 76 14 84 88 88 63 67 57 2 29 90 48 49 90 3 79 83 84 16 17 16 28 14 55 82 85 9 40 7 85 1 53 11 61 85 15 88 45 86 42 19 94 85 89 51 70 12 4 87 86 5 7 27 89 80 49 91 40 71 18 18 8 37 89 43 64 82 76 65 90 77 65 92 31 75 15 28 3 25 92 46 58 53 56 23 59 41 69 93 93 82 79 69 1 44 22 68 42 50 41 97 7 28 85 33 54 38 41 33
32 81 76 82 47 57 9 77 9 21 63 91 95 26 54 14 96 71 61 5 60 27 2 64 68 85 7 39 81 93 52 93 40 86 24 58 77 47 90 1 7 93 30 83 76 72 3 65 50 21 91 15 31 6 28 49 13 90 81 44 19 3 38 59 48 40 74 74 61 56 47 58 50 40 28 11 81 20 89 37 79 71 41 19 32 32 3 98 97 4 60 72 91 58 40 3 96 7 63 46 62 4 31 21 2 63 43 48 77 19 17 4 41 50 39 6 91 72 0 41 34 51 74 95 28 27 18 15
42 84 67 62 37 8 39 46 51 4 13 50 35 91 71 73 12 35 44 6 94 84 47 45 42 35 5 98 52 31 41 74 13 71 7 81 76 76 73 27 9 27 67 11 62 53 40 35 56 63 6 6 53 88 4 51 42 68 91 13 35 86 54 49 59 50 24 92 10 76 0 29 11 61 47 33 18 82 26 52 8 40 45 29 97 83 45 91 20 82 46 63 58 42 68 95 45 16 50 25 29 74 46 25 84 40 69 79 69 69 94 75 47 20 92 19 10 71 15 41 64 83 38 39 74 32 87 55
0 2 41 20 52 75 57 2 59 68 74 75 84 9 45 98 5 84 83 66 64 69 79 31 94 50 61 12 39 81 59 18 30 4 52 82 67 22 5 72 88 16 30 70 93 87 49 13 2 18 12 57 83 80 73 20 56 72 2 49 45 40 22 43 63 12 35 9 71 57 69 22 42 52 79 14 47 48 0 28 61 92 0 86 7 55 39 0 31 14 76 51 79 45 52 47 57 84 90 96 30 24 18 44 15 71 85 64 82 70 20 84 70 5 86 66 0 2 25 70 28 87 2 49 73 33 13 66
34 44 23 87 17 42 98 56 88 80 39 74 34 18 30 93 14 10 97 71 12 69 68 48 42 86 10 64 40 21 13 5 52 71 73 1 73 35 75 10 47 43 63 26 37 61 4 53 2 68 74 94 93 27 39 22 76 21 68 4 79 35 61 20 41 80 32 53 69 53 64 21 20 92 14 1 80 23 81 9 18 73 71 65 58 15 38 72 67 61 44 54 28 97 90 17 35 16 64 50 51 61 18 86 52 37 35 82 11 18 42 20 18 5 8 83 54 90 41 63 92 11 90 92 5 63 73 94
4 73 44 85 4 52 87 20 69 17 55 70 9 85 74 0 40 96 11 94 67 24 68 60 64 78 20 42 18 55 99 44 92 27 16 76 37 75 98 71 30 21 26 77 61 67 46 28 63 3 62 79 10 3 35 90 27 31 46 40 71 3 28 3 2 96 89 13 10 43 51 44 43 87 58 94 4 23 17 23 83 53 7 83 92 30 36 82 55 31 81 29 2 31 48 29 89 20 80 97 25 41 25 17 35 62 22 11 81 93 76 64 17 66 65 78 0 3 30 17 20 54 80 59 62 23 73 13
70 67 96 95 79 44 9 30 9 61 62 79 84 66 11 80 68 93 89 86 81 79 92 56 65 75 43 74 48 87 43 93 33 29 53 48 79 12 93 63 82 49 5 18 80 98 47 8 30 66 49 39 39 35 18 52 83 10 97 48 65 97 98 81 29 32 85 43 49 21 9 83 22 11 8 31 17 49 56 56 69 39 32 59 58 45 72 14 77 32 86 8 64 19 75 17 64 57 54 99 6 7 33 26 48 79 64 8 87 32 13 10 86 99 37 73 32 49 73 31 76 97 58 16 68 87 18 90
81 61 54 64 96 50 65 90 16 60 66 35 15 44 40 41 57 65 24 69 59 63 24 1 24 22 46 51 90 17 6 51 73 42 81 80 9 72 86 40 16 37 76 6 16 58 19 6 59 29 51 55 70 71 86 30 51 23 25 73 87 87 12 71 42 0 82 4 31 41 51 14 35 79 24 47 45 0 71 25 54 76 17 12 23 69 0 73 27 69 34 35 58 12 23 26 62 60 10 7 68 30 29 25 9 59 91 35 9 45 0 65 66 52 87 73 1 55 93 71 28 31 96 12 35 92 63 56
97 15 90 98 3 46 12 21 43 31 1 20 72 4 40 70 32 80 79 4 3 87 48 44 40 79 90 19 23 71 36 86 67 85 4 82 85 89 89 13 21 60 87 14 5 81 39 13 89 5 30 48 33 21 99 3 6 49 76 12 28 48 82 54 98 20 46 29 97 55 55 81 80 79 67 10 93 1 85 63 58 23 9 43 75 28 6 73 84 72 19 16 33 88 94 77 73 63 19 92 56 82 60 5 6 90 39 48 74 72 37 45 55 33 5 26 50 44 45 12 83 82 63 34 62 22 78 7
50 83 88 2 1 37 24 21 15 14 80 29 23 81 31 21 92 90 26 46 40 70 88 94 44 31 42 3 71 55 61 51 80 87 87 93 5 28 95 68 66 83 9 51 91 28 40 13 32 33 39 26 53 73 51 30 57 78 92 84 86 91 15 45 59 64 58 48 25 25 76 93 40 68 51 68 65 51 43 65 3 67 69 76 27 42 82 10 32 11 97 89 66 43 96 41 11 9 42 69 81 6 28 83 20 95 38 81 12 90 6 19 57 10 17 28 90 5 11 46 56 45 86 90 55 46 56 68
56 32 4 95 12 71 10 25 55 18 41 9 44 94 76 45 46 4 1 85 39 37 37 58 14 5 98 89 86 82 73 2 45 71 9 33 95 82 17 19 36 86 19 79 21 58 10 30 47 20 8 26 73 44 40 1 9 25 32 8 0 23 57 1 66 5 35 31 62 83 79 37 62 15 35 7 71 84 45 40 31 38 99 15 97 61 25 12 41 11 26 78 6 16 28 78 22 89 45 63 83 3 88 22 77 15 82 87 99 65 29 13 75 75 16 23 67 34 4 7 48 86 38 35 91 13 16 40
69 4 74 4 90 50 43 62 6 61 97 21 38 91 25 85 47 90 55 87 17 32 92 41 5 54 40 38 14 30 50 68 50 63 12 15 3 24 83 56 3 59 2 51 5 18 3 64 18 87 25 3 10 14 42 1 98 17 44 46 18 45 99 93 25 24 25 76 8 41 14 16 67 95 11 14 29 87 94 1 80 20 60 30 99 26 20 12 60 71 61 8 11 91 33 72 57 88 86 33 74 99 29 45 91 18 75 43 50 72 52 51 87 22 16 21 55 36 54 78 47 20 44 19 57 7 11 72
29 9 26 70 81 33 75 19 25 4 44 13 45 20 52 32 12 7 90 86 88 0 59 74 85 34 31 91 42 83 51 83 1 35 79 90 40 37 42 85 44 64 61 34 82 55 14 94 78 63 0 10 87 73 13 31 53 71 77 53 47 46 79 35 16 16 18 44 60 77 26 88 90 78 72 84 33 60 48 9 11 31 63 20 1 8 25 4 4 81 35 30 43 1 55 62 66 28 60 45 22 45 97 62 22 92 68 47 19 85 46 42 55 50 83 90 98 6 93 60 46 53 74 20 32 42 84 59
10 50 77 65 44 57 73 48 80 7 48 28 74 83 95 54 92 74 53 7 9 44 75 56 42 82 20 88 93 76 28 98 10 52 85 88 32 33 3 82 25 60 72 81 61 47 58 45 20 77 72 62 21 6 76 8 10 3 49 12 38 92 79 0 28 68 70 56 59 45 91 44 18 50 69 48 3 6 72 10 80 18 9 12 40 29 72 62 26 78 22 83 91 65 40 42 57 60 64 16 76 62 74 8 90 2 60 97 43 56 62 57 57 27 61 91 65 56 97 82 88 78 2 46 23 66 38 18
20 65 87 33 74 42 79 99 55 6 37 59 82 46 19 5 6 27 16 47 70 18 72 99 35 93 67 53 27 67 23 76 58 14 36 18 82 89 64 76 89 28 98 93 55 26 17 87 47 83 15 82 35 76 20 57 63 91 22 9 34 36 86 46 88 65 70 72 85 20 36 46 94 44 91 33 5 3 9 97 30 1 71 15 75 21 93 38 33 5 73 0 27 26 20 57 29 98 34 81 34 2 5 34 6 13 20 16 51 11 77 65 44 36 19 46 19 53 80 81 61 25 40 80 98 10 34 36
49 49 37 65 6 81 2 41 1 65 57 84 75 7 52 41 98 70 46 48 71 32 9 42 85 31 3 28 9 28 47 27 72 84 34 20 79 39 25 85 58 65 49 70 3 51 61 36 78 81 30 81 69 87 72 7 67 86 13 88 26 38 22 17 35 56 64 89 45 51 51 6 90 50 24 70 35 64 17 72 9 58 96 3 44 56 30 91 63 34 23 30 16 37 61 92 21 4 94 72 21 93 93 96 60 51 57 52 62 22 71 42 18 89 33 50 46 64 37 3 89 38 25 2 74 66 20 61
38 76 5 9 6 29 65 8 38 77 2 58 72 41 30 49 66 38 12 11 72 25 67 42 66 53 4 98 30 38 70 31 34 84 30 95 18 2 29 65 36 61 28 96 29 95 39 66 54 99 96 55 35 33 4 52 8 3 42 53 95 80 75 97 37 24 31 9 37 66 56 62 47 95 96 60 41 49 91 32 35 21 90 85 10 87 39 77 83 38 22 82 97 78 20 99 11 11 3 2 95 40 25 97 33 79 92 90 91 7 76 11 82 35 71 64 6 58 75 24 75 40 16 72 89 89 8 73
95 57 94 17 42 71 19 22 5 52 72 7 38 15 87 16 10 67 4 51 32 15 76 99 93 60 35 31 12 68 19 79 6 81 0 41 78 47 76 55 47 90 73 98 25 58 52 26 35 65 39 78 0 25 11 3 13 14 71 96 18 37 11 94 20 19 74 10 3 74 5 7 53 0 29 14 69 30 54 31 62 70 40 40 4 68 23 64 34 46 60 77 46 82 20 27 25 87 41 90 63 71 61 72 97 59 31 65 99 54 18 30 7 74 6 51 11 36 3 24 0 74 79 82 43 41 7 53
6 65 65 20 98 87 52 77 36 75 36 15 44 40 10 31 0 26 46 46 10 96 63 9 3 93 6 10 66 12 64 68 90 7 60 29 71 95 44 16 6 78 2 36 36 17 69 64 29 34 14 95 67 81 46 28 35 82 55 35 2 93 17 68 66 22 67 64 52 9 36 72 67 52 51 35 70 28 66 87 86 17 98 93 32 59 34 70 5 88 60 57 40 12 52 57 98 88 41 3 55 55 93 17 42 59 29 46 6 90 17 0 21 29 95 25 83 19 96 19 63 13 53 51 49 37 97 15
1 63 75 35 44 37 96 8 18 26 11 12 68 23 22 38 31 20 69 84 57 99 62 42 91 26 67 77 72 77 78 19 80 33 24 42 6 70 38 32 46 15 86 59 78 19 53 51 39 4 33 79 6 73 89 85 40 71 18 72 9 25 36 13 87 21 8 28 4 2 18 53 54 79 94 66 81 97 6 97 82 4 23 91 62 50 26 93 33 23 45 81 41 91 24 69 52 7 55 65 40 96 2 18 75 61 81 92 93 81 20 97 96 24 40 3 0 47 40 27 60 40 86 97 22 92 42 57
33 23 17 79 76 1 4 59 44 44 45 12 34 54 14 36 76 92 86 53 7 12 17 84 64 78 64 83 6 27 93 48 73 33 13 1 73 2 7 88 40 54 37 68 88 55 17 80 0 45 81 69 21 16 50 16 50 39 12 32 80 39 17 12 14 45 76 22 81 1 64 30 41 0 58 57 98 15 13 73 93 47 10 51 38 68 0 35 97 93 39 85 60 10 28 17 64 54 13 3 35 86 39 22 26 98 80 89 49 88 43 4 96 20 80 61 93 12 4 63 66 45 39 92 98 92 0 44
25 3 76 83 88 61 98 81 53 90 36 25 70 48 69 90 68 97 71 74 46 8 76 65 10 60 67 70 86 7 95 70 42 31 59 25 40 9 67 22 69 83 17 69 94 39 44 1 15 21 7 33 16 56 89 59 35 58 61 79 35 54 0 17 55 80 17 84 52 68 86 58 50 19 80 11 84 80 30 98 73 70 98 12 56 35 48 38 46 62 53 32 23 68 61 85 23 9 42 17 86 48 72 75 39 77 88 56 50 28 78 54 72 41 11 97 16 1 44 64 47 29 13 2 51 53 43 59
24 50 40 0 19 29 79 63 16 39 57 68 65 4 53 53 76 44 24 20 46 0 48 97 85 41 29 51 71 96 65 41 7 58 23 24 87 41 51 74 48 26 97 83 76 47 16 51 45 42 6 24 28 22 72 74 89 14 81 55 42 18 78 34 63 39 82 14 66 66 16 27 75 64 76 97 76 71 4 8 86 68 44 38 27 44 51 88 27 64 60 66 23 91 58 29 31 98 74 38 80 4 12 84 80 32 37 87 54 56 90 76 46 37 50 83 23 16 87 23 82 23 65 93 27 22 21 41
63 14 86 49 75 95 87 33 48 9 74 57 24 28 42 12 81 95 17 66 13 3 38 83 47 86 47 32 70 80 16 99 28 83 44 21 23 17 23 97 65 53 12 45 63 93 51 66 45 63 45 73 83 40 4 89 48 62 65 91 36 20 27 50 8 97 89 61 58 59 75 40 93 66 74 1 69 16 90 96 40 62 17 43 67 40 72 75 96 7 23 11 36 86 65 83 34 10 62 68 62 81 17 79 39 96 41 53 4 18 35 40 28 19 33 2 88 14 17 72 98 32 84 72 90 10 86 20
90 52 97 63 26 60 46 85 64 24 38 26 28 54 28 36 34 98 84 79 49 38 2 59 82 26 90 74 56 11 20 61 84 79 53 48 30 39 14 68 80 82 61 93 55 37 89 78 87 1 94 51 61 79 78 63 62 4 7 80 94 24 87 91 75 27 94 97 66 39 86 87 27 2 68 18 42 41 87 17 2 38 96 84 49 96 94 73 8 52 18 52 66 76 25 93 12 34 66 14 13 67 30 47 60 69 87 86 51 50 65 89 56 75 4 12 88 9 23 89 67 11 73 7 72 50 34 15
87 17 4 0 16 68 94 76 39 72 82 82 14 17 8 44 72 47 16 15 89 12 87 89 47 12 29 46 73 67 14 2 73 17 44 49 14 55 64 97 63 47 83 90 64 73 13 41 57 55 9 58 67 40 64 50 82 49 40 41 72 45 25 6 26 77 21 14 68 97 16 46 72 49 58 11 33 21 94 27 97 80 67 60 68 32 52 65 62 0 82 26 95 20 24 11 55 97 55 24 21 57 0 19 60 4 75 96 93 91 99 27 56 77 96 25 90 92 43 74 62 21 93 72 18 30 97 62
51 89 57 97 67 69 67 89 24 34 61 28 8 38 42 38 87 38 12 59 98 65 67 43 4 9 29 73 48 69 75 18 97 56 95 27 73 68 9 27 0 0 8 67 64 8 58 97 99 41 81 62 62 11 30 32 36 76 31 78 19 39 79 77 9 32 5 57 22 49 9 80 28 41 37 25 16 90 56 59 94 61 0 39 83 82 84 90 45 64 31 5 98 88 49 44 3 32 23 4 49 67 28 55 84 36 27 28 39 39 79 29 67 67 28 62 73 80 91 73 88 21 9 22 21 67 89 54
92 46 86 7 67 56 48 10 51 29 37 80 42 89 8 43 33 23 27 98 97 90 28 67 51 34 6 10 50 6 79 4 2 56 1 13 98 25 6 58 1 40 73 95 9 63 66 8 36 95 54 15 0 12 71 94 97 90 61 75 2 29 25 7 55 99 6 26 26 46 92 39 76 80 25 56 53 62 78 35 94 39 48 75 98 22 60 97 20 40 72 67 10 16 82 59 38 86 35 47 65 69 44 16 88 78 39 93 80 59 71 59 93 33 57 66 29 6 65 54 23 26 29 78 20 82 73 10
97 55 42 16 28 67 77 92 86 16 1 91 99 96 9 13 39 20 2 3 32 57 90 68 5 39 19 19 45 77 57 97 5 72 36 43 3 11 76 73 98 45 58 81 60 12 58 17 4 65 12 40 26 0 49 1 31 14 85 47 11 63 44 6 24 81 41 12 64 15 6 20 26 68 41 59 62 71 69 27 47 29 5 61 30 31 68 87 98 15 30 3 46 37 29 43 38 3 44 2 70 32 17 12 82 36 89 96 97 95 76 68 39 69 23 74 19 30 43 62 54 15 32 96 13 14 44 53
