26 54 7 65 67 39 27 45 68 28 83 78 21 78 88 41
62 63 63 89 85 1 59 22 13 8 83 87 30 61 49 44
94 90 73 9 41 97 83 74 30 72 1 33 49 55 91 19
59 78 56 45 88 23 53 54 35 83 52 1 39 93 70 15
96 29 68 77 83 22 32 89 93 8 55 50 9 50 56 4
82 76 18 50 5 45 62 97 22 13 63 26 73 3 72 43
26 45 82 96 67 93 69 16 69 44 98 36 80 26 41 4
26 28 70 37 36 19 87 85 45 14 77 90 2 63 11 72
24 77 91 54 94 73 54 28 81 12 18 94 83 96 15 36
81 57 68 13 7 90 13 63 1 23 63 85 51 10 3 86
85 55 37 0 96 18 99 70 75 29 95 53 18 84 2 42
25 5 91 98 89 75 78 12 47 38 78 81 26 59 23 59
41 41 50 81 80 35 60 96 17 53 87 11 58 74 70 23
45 50 85 81 15 49 31 0 24 15 48 3 58 23 9 73
57 84 8 62 99 60 71 96 95 33 35 92 14 67 95 15
38 96 94 53 81 40 65 49 96 81 79 52 62 17 27 59
