51 80 8 22 82 78 45 91 27 37 49 30 66 65 46 22 37 2 41 33 14 26 31 82 2 90 61 76 80 92 0 15
84 70 71 69 7 48 14 80 68 89 76 65 56 22 90 30 86 88 95 35 78 28 84 47 16 58 89 81 48 68 11 42
68 58 27 5 55 13 43 66 24 86 77 92 55 78 7 5 26 39 36 49 10 9 98 7 10 27 10 2 31 89 53 29
3 91 88 48 55 68 99 38 14 91 3 75 1 17 34 57 58 23 3 76 16 60 34 66 29 45 77 63 16 65 50 44
71 98 32 90 23 94 67 46 53 77 37 17 21 13 95 35 36 66 35 3 45 95 77 14 50 32 74 56 67 14 18 41
16 82 56 33 99 27 49 34 81 12 29 70 46 2 63 7 83 49 73 76 14 11 81 18 41 19 65 93 70 33 45 40
63 56 59 80 99 49 67 82 32 65 35 6 14 95 16 14 11 34 61 28 37 92 66 74 55 59 8 62 82 15 6 98
22 74 82 48 90 90 33 32 23 19 92 32 52 34 57 23 98 18 75 82 41 94 61 78 77 69 56 2 21 4 39 41
90 18 90 33 97 73 4 70 87 62 85 52 98 0 6 22 4 37 65 1 39 83 44 81 93 71 32 25 50 40 38 41
16 66 9 41 64 52 77 51 15 45 60 93 0 16 64 20 40 10 10 55 38 88 92 43 17 82 69 51 41 14 1 68
74 17 25 72 62 5 73 6 35 84 81 65 69 82 45 19 42 51 36 92 50 86 87 41 51 69 50 33 92 80 36 35
61 63 2 16 52 13 62 16 0 95 2 55 93 98 9 82 9 79 47 64 84 77 0 41 2 55 34 82 8 5 71 16
15 82 96 10 47 55 46 53 35 25 42 10 19 26 40 89 46 67 6 32 23 66 25 98 36 92 58 54 95 34 0 28
96 30 18 41 5 83 18 58 41 20 12 22 91 45 94 43 61 97 52 5 71 32 24 86 38 47 72 47 36 11 18 6
22 92 51 4 77 76 7 98 48 77 64 31 86 73 14 11 41 93 82 91 59 49 47 95 70 77 16 44 12 85 64 40
77 32 80 90 16 48 63 65 61 51 51 1 88 35 61 30 33 55 9 4 7 9 45 62 79 70 85 32 80 99 55 99
27 25 97 72 63 64 69 9 31 34 48 56 42 28 46 27 86 1 74 85 96 68 78 1 37 14 32 22 76 41 86 26
68 6 45 48 11 13 44 54 29 41 13 14 63 8 80 28 68 0 56 27 87 56 82 64 36 71 9 12 67 14 93 82
25 26 86 86 37 85 89 60 36 33 88 5 26 95 79 18 43 38 25 6 40 57 14 92 46 11 99 14 11 10 83 42
13 3 41 49 56 30 88 46 0 66 90 68 52 73 15 53 57 21 31 50 42 98 34 52 73 85 54 75 75 53 22 1
53 36 78 73 87 56 94 10 47 87 91 31 44 40 90 60 78 53 84 43 11 91 8 28 61 33 5 21 40 41 71 62
8 92 71 83 91 2 1 43 64 48 95 88 47 14 10 24 78 43 14 14 3 55 54 98 41 56 93 49 31 0 3 9
41 71 78 4 42 91 86 93 82 72 92 14 70 64 49 50 54 40 62 62 36 44 47 35 20 15 91 49 4 6 68 79
21 87 39 61 73 10 94 55 88 96 63 49 77 56 94 31 48 48 1 58 73 86 29 64 97 25 37 46 96 85 24 28
46 48 3 72 89 1 37 72 62 75 83 25 57 7 31 41 63 92 40 76 6 49 50 77 72 18 44 22 99 61 75 4
42 82 9 59 20 20 25 56 2 9 13 82 92 98 13 32 43 96 70 42 31 32 93 8 97 12 23 98 23 77 32 10
88 32 89 17 90 21 38 48 81 48 21 16 72 18 37 60 2 33 95 89 71 64 21 29 31 15 12 97 18 2 43 56
97 33 78 91 97 12 38 71 20 7 81 57 91 93 77 55 4 48 78 17 62 23 44 50 23 27 24 72 59 43 30 18
3 20 21 95 77 77 8 49 93 11 7 33 75 37 89 69 88 43 49 11 53 39 42 44 18 88 61 21 54 28 67 50
34 38 17 30 33 26 94 66 95 67 5 56 62 15 54 92 83 56 43 8 56 42 18 28 67 34 12 93 92 38 63 44
29 7 87 31 33 65 58 76 53 45 80 82 28 35 98 64 97 50 17 5 46 81 41 69 26 41 95 7 19 96 24 5
90 38 63 50 89 20 32 3 92 94 70 94 96 77 5 58 67 9 80 75 92 29 56 42 10 19 67 66 94 75 80 80
