0
1
2
3
4
5
6
7
8
9
10
11
12
13
14
15
16
17
18
19
20
21
22
23
24
25
26
27
28
29
30
31
32
33
34
35
36
37
38
39
40
41
42
43
44
45
46
47
48
49
50
51
52
53
54
55
56
57
58
59
60
61
62
63
64
65
66
67
68
69
70
71
72
73
74
75
76
77
78
79
80
81
82
83
84
85
86
87
88
89
90
91
92
93
94
95
96
97
98
99
100
101
102
103
104
105
106
107
108
109
110
111
112
113
114
115
116
117
118
119
120
121
122
123
124
125
126
127
128
129
130
131
132
133
134
135
136
137
138
139
140
141
142
143
144
145
146
147
148
149
150
151
152
153
154
155
156
157
158
159
160
161
162
163
164
165
166
167
168
169
170
171
172
173
174
175
176
177
178
179
180
181
182
183
184
185
186
187
188
189
190
191
192
193
194
195
196
197
198
199
200
201
202
203
204
205
206
207
208
209
210
211
212
213
214
215
216
217
218
219
220
221
222
223
224
225
226
227
228
229
230
231
232
233
234
235
236
237
238
239
240
241
242
243
244
245
246
247
248
249
250
251
252
253
254
255
256
257
258
259
260
261
262
263
264
265
266
267
268
269
270
271
272
273
274
275
276
277
278
279
280
281
282
283
284
285
286
287
288
289
290
291
292
293
294
295
296
297
298
299
300
301
302
303
304
305
306
307
308
309
310
311
312
313
314
315
316
317
318
319
320
321
322
323
324
325
326
327
328
329
330
331
332
333
334
335
336
337
338
339
340
341
342
343
344
345
346
347
348
349
350
351
352
353
354
355
356
357
358
359
360
361
362
363
364
365
366
367
368
369
370
371
372
373
374
375
376
377
378
379
380
381
382
383
384
385
386
387
388
389
390
391
392
393
394
395
396
397
398
399
400
401
402
403
404
405
406
407
408
409
410
411
412
413
414
415
416
417
418
419
420
421
422
423
424
425
426
427
428
429
430
431
432
433
434
435
436
437
438
439
440
441
442
443
444
445
446
447
448
449
450
451
452
453
454
455
456
457
458
459
460
461
462
463
464
465
466
467
468
469
470
471
472
473
474
475
476
477
478
479
480
481
482
483
484
485
486
487
488
489
490
491
492
493
494
495
496
497
498
499
500
501
502
503
504
505
506
507
508
509
510
511
512
513
514
515
516
517
518
519
520
521
522
523
524
525
526
527
528
529
530
531
532
533
534
535
536
537
538
539
540
541
542
543
544
545
546
547
548
549
550
551
552
553
554
555
556
557
558
559
560
561
562
563
564
565
566
567
568
569
570
571
572
573
574
575
576
577
578
579
580
581
582
583
584
585
586
587
588
589
590
591
592
593
594
595
596
597
598
599
600
601
602
603
604
605
606
607
608
609
610
611
612
613
614
615
616
617
618
619
620
621
622
623
624
625
626
627
628
629
630
631
632
633
634
635
636
637
638
639
640
641
642
643
644
645
646
647
648
649
650
651
652
653
654
655
656
657
658
659
660
661
662
663
664
665
666
667
668
669
670
671
672
673
674
675
676
677
678
679
680
681
682
683
684
685
686
687
688
689
690
691
692
693
694
695
696
697
698
699
700
701
702
703
704
705
706
707
708
709
710
711
712
713
714
715
716
717
718
719
720
721
722
723
724
725
726
727
728
729
730
731
732
733
734
735
736
737
738
739
740
741
742
743
744
745
746
747
748
749
750
751
752
753
754
755
756
757
758
759
760
761
762
763
764
765
766
767
768
769
770
771
772
773
774
775
776
777
778
779
780
781
782
783
784
785
786
787
788
789
790
791
792
793
794
795
796
797
798
799
800
801
802
803
804
805
806
807
808
809
810
811
812
813
814
815
816
817
818
819
820
821
822
823
824
825
826
827
828
829
830
831
832
833
834
835
836
837
838
839
840
841
842
843
844
845
846
847
848
849
850
851
852
853
854
855
856
857
858
859
860
861
862
863
864
865
866
867
868
869
870
871
872
873
874
875
876
877
878
879
880
881
882
883
884
885
886
887
888
889
890
891
892
893
894
895
896
897
898
899
900
901
902
903
904
905
906
907
908
909
910
911
912
913
914
915
916
917
918
919
920
921
922
923
924
925
926
927
928
929
930
931
932
933
934
935
936
937
938
939
940
941
942
943
944
945
946
947
948
949
950
951
952
953
954
955
956
957
958
959
960
961
962
963
964
965
966
967
968
969
970
971
972
973
974
975
976
977
978
979
980
981
982
983
984
985
986
987
988
989
990
991
992
993
994
995
996
997
998
999
1000
1001
1002
1003
1004
1005
1006
1007
1008
1009
1010
1011
1012
1013
1014
1015
1016
1017
1018
1019
1020
1021
1022
1023
1024
1025
1026
1027
1028
1029
1030
1031
1032
1033
1034
1035
1036
1037
1038
1039
1040
1041
1042
1043
1044
1045
1046
1047
1048
1049
1050
1051
1052
1053
1054
1055
1056
1057
1058
1059
1060
1061
1062
1063
1064
1065
1066
1067
1068
1069
1070
1071
1072
1073
1074
1075
1076
1077
1078
1079
1080
1081
1082
1083
1084
1085
1086
1087
1088
1089
1090
1091
1092
1093
1094
1095
1096
1097
1098
1099
1100
1101
1102
1103
1104
1105
1106
1107
1108
1109
1110
1111
1112
1113
1114
1115
1116
1117
1118
1119
1120
1121
1122
1123
1124
1125
1126
1127
1128
1129
1130
1131
1132
1133
1134
1135
1136
1137
1138
1139
1140
1141
1142
1143
1144
1145
1146
1147
1148
1149
1150
1151
1152
1153
1154
1155
1156
1157
1158
1159
1160
1161
1162
1163
1164
1165
1166
1167
1168
1169
1170
1171
1172
1173
1174
1175
1176
1177
1178
1179
1180
1181
1182
1183
1184
1185
1186
1187
1188
1189
1190
1191
1192
1193
1194
1195
1196
1197
1198
1199
1200
1201
1202
1203
1204
1205
1206
1207
1208
1209
1210
1211
1212
1213
1214
1215
1216
1217
1218
1219
1220
1221
1222
1223
1224
1225
1226
1227
1228
1229
1230
1231
1232
1233
1234
1235
1236
1237
1238
1239
1240
1241
1242
1243
1244
1245
1246
1247
1248
1249
1250
1251
1252
1253
1254
1255
1256
1257
1258
1259
1260
1261
1262
1263
1264
1265
1266
1267
1268
1269
1270
1271
1272
1273
1274
1275
1276
1277
1278
1279
1280
1281
1282
1283
1284
1285
1286
1287
1288
1289
1290
1291
1292
1293
1294
1295
1296
1297
1298
1299
1300
1301
1302
1303
1304
1305
1306
1307
1308
1309
1310
1311
1312
1313
1314
1315
1316
1317
1318
1319
1320
1321
1322
1323
1324
1325
1326
1327
1328
1329
1330
1331
1332
1333
1334
1335
1336
1337
1338
1339
1340
1341
1342
1343
1344
1345
1346
1347
1348
1349
1350
1351
1352
1353
1354
1355
1356
1357
1358
1359
1360
1361
1362
1363
1364
1365
1366
1367
1368
1369
1370
1371
1372
1373
1374
1375
1376
1377
1378
1379
1380
1381
1382
1383
1384
1385
1386
1387
1388
1389
1390
1391
1392
1393
1394
1395
1396
1397
1398
1399
1400
1401
1402
1403
1404
1405
1406
1407
1408
1409
1410
1411
1412
1413
1414
1415
1416
1417
1418
1419
1420
1421
1422
1423
1424
1425
1426
1427
1428
1429
1430
1431
1432
1433
1434
1435
1436
1437
1438
1439
1440
1441
1442
1443
1444
1445
1446
1447
1448
1449
1450
1451
1452
1453
1454
1455
1456
1457
1458
1459
1460
1461
1462
1463
1464
1465
1466
1467
1468
1469
1470
1471
1472
1473
1474
1475
1476
1477
1478
1479
1480
1481
1482
1483
1484
1485
1486
1487
1488
1489
1490
1491
1492
1493
1494
1495
1496
1497
1498
1499
1500
1501
1502
1503
1504
1505
1506
1507
1508
1509
1510
1511
1512
1513
1514
1515
1516
1517
1518
1519
1520
1521
1522
1523
1524
1525
1526
1527
1528
1529
1530
1531
1532
1533
1534
1535
1536
1537
1538
1539
1540
1541
1542
1543
1544
1545
1546
1547
1548
1549
1550
1551
1552
1553
1554
1555
1556
1557
1558
1559
1560
1561
1562
1563
1564
1565
1566
1567
1568
1569
1570
1571
1572
1573
1574
1575
1576
1577
1578
1579
1580
1581
1582
1583
1584
1585
1586
1587
1588
1589
1590
1591
1592
1593
1594
1595
1596
1597
1598
1599
1600
1601
1602
1603
1604
1605
1606
1607
1608
1609
1610
1611
1612
1613
1614
1615
1616
1617
1618
1619
1620
1621
1622
1623
1624
1625
1626
1627
1628
1629
1630
1631
1632
1633
1634
1635
1636
1637
1638
1639
1640
1641
1642
1643
1644
1645
1646
1647
1648
1649
1650
1651
1652
1653
1654
1655
1656
1657
1658
1659
1660
1661
1662
1663
1664
1665
1666
1667
1668
1669
1670
1671
1672
1673
1674
1675
1676
1677
1678
1679
1680
1681
1682
1683
1684
1685
1686
1687
1688
1689
1690
1691
1692
1693
1694
1695
1696
1697
1698
1699
1700
1701
1702
1703
1704
1705
1706
1707
1708
1709
1710
1711
1712
1713
1714
1715
1716
1717
1718
1719
1720
1721
1722
1723
1724
1725
1726
1727
1728
1729
1730
1731
1732
1733
1734
1735
1736
1737
1738
1739
1740
1741
1742
1743
1744
1745
1746
1747
1748
1749
1750
1751
1752
1753
1754
1755
1756
1757
1758
1759
1760
1761
1762
1763
1764
1765
1766
1767
1768
1769
1770
1771
1772
1773
1774
1775
1776
1777
1778
1779
1780
1781
1782
1783
1784
1785
1786
1787
1788
1789
1790
1791
1792
1793
1794
1795
1796
1797
1798
1799
1800
1801
1802
1803
1804
1805
1806
1807
1808
1809
1810
1811
1812
1813
1814
1815
1816
1817
1818
1819
1820
1821
1822
1823
1824
1825
1826
1827
1828
1829
1830
1831
1832
1833
1834
1835
1836
1837
1838
1839
1840
1841
1842
1843
1844
1845
1846
1847
1848
1849
1850
1851
1852
1853
1854
1855
1856
1857
1858
1859
1860
1861
1862
1863
1864
1865
1866
1867
1868
1869
1870
1871
1872
1873
1874
1875
1876
1877
1878
1879
1880
1881
1882
1883
1884
1885
1886
1887
1888
1889
1890
1891
1892
1893
1894
1895
1896
1897
1898
1899
1900
1901
1902
1903
1904
1905
1906
1907
1908
1909
1910
1911
1912
1913
1914
1915
1916
1917
1918
1919
1920
1921
1922
1923
1924
1925
1926
1927
1928
1929
1930
1931
1932
1933
1934
1935
1936
1937
1938
1939
1940
1941
1942
1943
1944
1945
1946
1947
1948
1949
1950
1951
1952
1953
1954
1955
1956
1957
1958
1959
1960
1961
1962
1963
1964
1965
1966
1967
1968
1969
1970
1971
1972
1973
1974
1975
1976
1977
1978
1979
1980
1981
1982
1983
1984
1985
1986
1987
1988
1989
1990
1991
1992
1993
1994
1995
1996
1997
1998
1999
2000
2001
2002
2003
2004
2005
2006
2007
2008
2009
2010
2011
2012
2013
2014
2015
2016
2017
2018
2019
2020
2021
2022
2023
2024
2025
2026
2027
2028
2029
2030
2031
2032
2033
2034
2035
2036
2037
2038
2039
2040
2041
2042
2043
2044
2045
2046
2047
2048
2049
2050
2051
2052
2053
2054
2055
2056
2057
2058
2059
2060
2061
2062
2063
2064
2065
2066
2067
2068
2069
2070
2071
2072
2073
2074
2075
2076
2077
2078
2079
2080
2081
2082
2083
2084
2085
2086
2087
2088
2089
2090
2091
2092
2093
2094
2095
2096
2097
2098
2099
2100
2101
2102
2103
2104
2105
2106
2107
2108
2109
2110
2111
2112
2113
2114
2115
2116
2117
2118
2119
2120
2121
2122
2123
2124
2125
2126
2127
2128
2129
2130
2131
2132
2133
2134
2135
2136
2137
2138
2139
2140
2141
2142
2143
2144
2145
2146
2147
2148
2149
2150
2151
2152
2153
2154
2155
2156
2157
2158
2159
2160
2161
2162
2163
2164
2165
2166
2167
2168
2169
2170
2171
2172
2173
2174
2175
2176
2177
2178
2179
2180
2181
2182
2183
2184
2185
2186
2187
2188
2189
2190
2191
2192
2193
2194
2195
2196
2197
2198
2199
2200
2201
2202
2203
2204
2205
2206
2207
2208
2209
2210
2211
2212
2213
2214
2215
2216
2217
2218
2219
2220
2221
2222
2223
2224
2225
2226
2227
2228
2229
2230
2231
2232
2233
2234
2235
2236
2237
2238
2239
2240
2241
2242
2243
2244
2245
2246
2247
2248
2249
2250
2251
2252
2253
2254
2255
2256
2257
2258
2259
2260
2261
2262
2263
2264
2265
2266
2267
2268
2269
2270
2271
2272
2273
2274
2275
2276
2277
2278
2279
2280
2281
2282
2283
2284
2285
2286
2287
2288
2289
2290
2291
2292
2293
2294
2295
2296
2297
2298
2299
2300
2301
2302
2303
2304
2305
2306
2307
2308
2309
2310
2311
2312
2313
2314
2315
2316
2317
2318
2319
2320
2321
2322
2323
2324
2325
2326
2327
2328
2329
2330
2331
2332
2333
2334
2335
2336
2337
2338
2339
2340
2341
2342
2343
2344
2345
2346
2347
2348
2349
2350
2351
2352
2353
2354
2355
2356
2357
2358
2359
2360
2361
2362
2363
2364
2365
2366
2367
2368
2369
2370
2371
2372
2373
2374
2375
2376
2377
2378
2379
2380
2381
2382
2383
2384
2385
2386
2387
2388
2389
2390
2391
2392
2393
2394
2395
2396
2397
2398
2399
2400
2401
2402
2403
2404
2405
2406
2407
2408
2409
2410
2411
2412
2413
2414
2415
2416
2417
2418
2419
2420
2421
2422
2423
2424
2425
2426
2427
2428
2429
2430
2431
2432
2433
2434
2435
2436
2437
2438
2439
2440
2441
2442
2443
2444
2445
2446
2447
2448
2449
2450
2451
2452
2453
2454
2455
2456
2457
2458
2459
2460
2461
2462
2463
2464
2465
2466
2467
2468
2469
2470
2471
2472
2473
2474
2475
2476
2477
2478
2479
2480
2481
2482
2483
2484
2485
2486
2487
2488
2489
2490
2491
2492
2493
2494
2495
2496
2497
2498
2499
2500
2501
2502
2503
2504
2505
2506
2507
2508
2509
2510
2511
2512
2513
2514
2515
2516
2517
2518
2519
2520
2521
2522
2523
2524
2525
2526
2527
2528
2529
2530
2531
2532
2533
2534
2535
2536
2537
2538
2539
2540
2541
2542
2543
2544
2545
2546
2547
2548
2549
2550
2551
2552
2553
2554
2555
2556
2557
2558
2559
2560
2561
2562
2563
2564
2565
2566
2567
2568
2569
2570
2571
2572
2573
2574
2575
2576
2577
2578
2579
2580
2581
2582
2583
2584
2585
2586
2587
2588
2589
2590
2591
2592
2593
2594
2595
2596
2597
2598
2599
2600
2601
2602
2603
2604
2605
2606
2607
2608
2609
2610
2611
2612
2613
2614
2615
2616
2617
2618
2619
2620
2621
2622
2623
2624
2625
2626
2627
2628
2629
2630
2631
2632
2633
2634
2635
2636
2637
2638
2639
2640
2641
2642
2643
2644
2645
2646
2647
2648
2649
2650
2651
2652
2653
2654
2655
2656
2657
2658
2659
2660
2661
2662
2663
2664
2665
2666
2667
2668
2669
2670
2671
2672
2673
2674
2675
2676
2677
2678
2679
2680
2681
2682
2683
2684
2685
2686
2687
2688
2689
2690
2691
2692
2693
2694
2695
2696
2697
2698
2699
2700
2701
2702
2703
2704
2705
2706
2707
2708
2709
2710
2711
2712
2713
2714
2715
2716
2717
2718
2719
2720
2721
2722
2723
2724
2725
2726
2727
2728
2729
2730
2731
2732
2733
2734
2735
2736
2737
2738
2739
2740
2741
2742
2743
2744
2745
2746
2747
2748
2749
2750
2751
2752
2753
2754
2755
2756
2757
2758
2759
2760
2761
2762
2763
2764
2765
2766
2767
2768
2769
2770
2771
2772
2773
2774
2775
2776
2777
2778
2779
2780
2781
2782
2783
2784
2785
2786
2787
2788
2789
2790
2791
2792
2793
2794
2795
2796
2797
2798
2799
2800
2801
2802
2803
2804
2805
2806
2807
2808
2809
2810
2811
2812
2813
2814
2815
2816
2817
2818
2819
2820
2821
2822
2823
2824
2825
2826
2827
2828
2829
2830
2831
2832
2833
2834
2835
2836
2837
2838
2839
2840
2841
2842
2843
2844
2845
2846
2847
2848
2849
2850
2851
2852
2853
2854
2855
2856
2857
2858
2859
2860
2861
2862
2863
2864
2865
2866
2867
2868
2869
2870
2871
2872
2873
2874
2875
2876
2877
2878
2879
2880
2881
2882
2883
2884
2885
2886
2887
2888
2889
2890
2891
2892
2893
2894
2895
2896
2897
2898
2899
2900
2901
2902
2903
2904
2905
2906
2907
2908
2909
2910
2911
2912
2913
2914
2915
2916
2917
2918
2919
2920
2921
2922
2923
2924
2925
2926
2927
2928
2929
2930
2931
2932
2933
2934
2935
2936
2937
2938
2939
2940
2941
2942
2943
2944
2945
2946
2947
2948
2949
2950
2951
2952
2953
2954
2955
2956
2957
2958
2959
2960
2961
2962
2963
2964
2965
2966
2967
2968
2969
2970
2971
2972
2973
2974
2975
2976
2977
2978
2979
2980
2981
2982
2983
2984
2985
2986
2987
2988
2989
2990
2991
2992
2993
2994
2995
2996
2997
2998
2999
3000
3001
3002
3003
3004
3005
3006
3007
3008
3009
3010
3011
3012
3013
3014
3015
3016
3017
3018
3019
3020
3021
3022
3023
3024
3025
3026
3027
3028
3029
3030
3031
3032
3033
3034
3035
3036
3037
3038
3039
3040
3041
3042
3043
3044
3045
3046
3047
3048
3049
3050
3051
3052
3053
3054
3055
3056
3057
3058
3059
3060
3061
3062
3063
3064
3065
3066
3067
3068
3069
3070
3071
3072
3073
3074
3075
3076
3077
3078
3079
3080
3081
3082
3083
3084
3085
3086
3087
3088
3089
3090
3091
3092
3093
3094
3095
3096
3097
3098
3099
3100
3101
3102
3103
3104
3105
3106
3107
3108
3109
3110
3111
3112
3113
3114
3115
3116
3117
3118
3119
3120
3121
3122
3123
3124
3125
3126
3127
3128
3129
3130
3131
3132
3133
3134
3135
3136
3137
3138
3139
3140
3141
3142
3143
3144
3145
3146
3147
3148
3149
3150
3151
3152
3153
3154
3155
3156
3157
3158
3159
3160
3161
3162
3163
3164
3165
3166
3167
3168
3169
3170
3171
3172
3173
3174
3175
3176
3177
3178
3179
3180
3181
3182
3183
3184
3185
3186
3187
3188
3189
3190
3191
3192
3193
3194
3195
3196
3197
3198
3199
3200
3201
3202
3203
3204
3205
3206
3207
3208
3209
3210
3211
3212
3213
3214
3215
3216
3217
3218
3219
3220
3221
3222
3223
3224
3225
3226
3227
3228
3229
3230
3231
3232
3233
3234
3235
3236
3237
3238
3239
3240
3241
3242
3243
3244
3245
3246
3247
3248
3249
3250
3251
3252
3253
3254
3255
3256
3257
3258
3259
3260
3261
3262
3263
3264
3265
3266
3267
3268
3269
3270
3271
3272
3273
3274
3275
3276
3277
3278
3279
3280
3281
3282
3283
3284
3285
3286
3287
3288
3289
3290
3291
3292
3293
3294
3295
3296
3297
3298
3299
3300
3301
3302
3303
3304
3305
3306
3307
3308
3309
3310
3311
3312
3313
3314
3315
3316
3317
3318
3319
3320
3321
3322
3323
3324
3325
3326
3327
3328
3329
3330
3331
3332
3333
3334
3335
3336
3337
3338
3339
3340
3341
3342
3343
3344
3345
3346
3347
3348
3349
3350
3351
3352
3353
3354
3355
3356
3357
3358
3359
3360
3361
3362
3363
3364
3365
3366
3367
3368
3369
3370
3371
3372
3373
3374
3375
3376
3377
3378
3379
3380
3381
3382
3383
3384
3385
3386
3387
3388
3389
3390
3391
3392
3393
3394
3395
3396
3397
3398
3399
3400
3401
3402
3403
3404
3405
3406
3407
3408
3409
3410
3411
3412
3413
3414
3415
3416
3417
3418
3419
3420
3421
3422
3423
3424
3425
3426
3427
3428
3429
3430
3431
3432
3433
3434
3435
3436
3437
3438
3439
3440
3441
3442
3443
3444
3445
3446
3447
3448
3449
3450
3451
3452
3453
3454
3455
3456
3457
3458
3459
3460
3461
3462
3463
3464
3465
3466
3467
3468
3469
3470
3471
3472
3473
3474
3475
3476
3477
3478
3479
3480
3481
3482
3483
3484
3485
3486
3487
3488
3489
3490
3491
3492
3493
3494
3495
3496
3497
3498
3499
3500
3501
3502
3503
3504
3505
3506
3507
3508
3509
3510
3511
3512
3513
3514
3515
3516
3517
3518
3519
3520
3521
3522
3523
3524
3525
3526
3527
3528
3529
3530
3531
3532
3533
3534
3535
3536
3537
3538
3539
3540
3541
3542
3543
3544
3545
3546
3547
3548
3549
3550
3551
3552
3553
3554
3555
3556
3557
3558
3559
3560
3561
3562
3563
3564
3565
3566
3567
3568
3569
3570
3571
3572
3573
3574
3575
3576
3577
3578
3579
3580
3581
3582
3583
3584
3585
3586
3587
3588
3589
3590
3591
3592
3593
3594
3595
3596
3597
3598
3599
3600
3601
3602
3603
3604
3605
3606
3607
3608
3609
3610
3611
3612
3613
3614
3615
3616
3617
3618
3619
3620
3621
3622
3623
3624
3625
3626
3627
3628
3629
3630
3631
3632
3633
3634
3635
3636
3637
3638
3639
3640
3641
3642
3643
3644
3645
3646
3647
3648
3649
3650
3651
3652
3653
3654
3655
3656
3657
3658
3659
3660
3661
3662
3663
3664
3665
3666
3667
3668
3669
3670
3671
3672
3673
3674
3675
3676
3677
3678
3679
3680
3681
3682
3683
3684
3685
3686
3687
3688
3689
3690
3691
3692
3693
3694
3695
3696
3697
3698
3699
3700
3701
3702
3703
3704
3705
3706
3707
3708
3709
3710
3711
3712
3713
3714
3715
3716
3717
3718
3719
3720
3721
3722
3723
3724
3725
3726
3727
3728
3729
3730
3731
3732
3733
3734
3735
3736
3737
3738
3739
3740
3741
3742
3743
3744
3745
3746
3747
3748
3749
3750
3751
3752
3753
3754
3755
3756
3757
3758
3759
3760
3761
3762
3763
3764
3765
3766
3767
3768
3769
3770
3771
3772
3773
3774
3775
3776
3777
3778
3779
3780
3781
3782
3783
3784
3785
3786
3787
3788
3789
3790
3791
3792
3793
3794
3795
3796
3797
3798
3799
3800
3801
3802
3803
3804
3805
3806
3807
3808
3809
3810
3811
3812
3813
3814
3815
3816
3817
3818
3819
3820
3821
3822
3823
3824
3825
3826
3827
3828
3829
3830
3831
3832
3833
3834
3835
3836
3837
3838
3839
3840
3841
3842
3843
3844
3845
3846
3847
3848
3849
3850
3851
3852
3853
3854
3855
3856
3857
3858
3859
3860
3861
3862
3863
3864
3865
3866
3867
3868
3869
3870
3871
3872
3873
3874
3875
3876
3877
3878
3879
3880
3881
3882
3883
3884
3885
3886
3887
3888
3889
3890
3891
3892
3893
3894
3895
3896
3897
3898
3899
3900
3901
3902
3903
3904
3905
3906
3907
3908
3909
3910
3911
3912
3913
3914
3915
3916
3917
3918
3919
3920
3921
3922
3923
3924
3925
3926
3927
3928
3929
3930
3931
3932
3933
3934
3935
3936
3937
3938
3939
3940
3941
3942
3943
3944
3945
3946
3947
3948
3949
3950
3951
3952
3953
3954
3955
3956
3957
3958
3959
3960
3961
3962
3963
3964
3965
3966
3967
3968
3969
3970
3971
3972
3973
3974
3975
3976
3977
3978
3979
3980
3981
3982
3983
3984
3985
3986
3987
3988
3989
3990
3991
3992
3993
3994
3995
3996
3997
3998
3999
4000
4001
4002
4003
4004
4005
4006
4007
4008
4009
4010
4011
4012
4013
4014
4015
4016
4017
4018
4019
4020
4021
4022
4023
4024
4025
4026
4027
4028
4029
4030
4031
4032
4033
4034
4035
4036
4037
4038
4039
4040
4041
4042
4043
4044
4045
4046
4047
4048
4049
4050
4051
4052
4053
4054
4055
4056
4057
4058
4059
4060
4061
4062
4063
4064
4065
4066
4067
4068
4069
4070
4071
4072
4073
4074
4075
4076
4077
4078
4079
4080
4081
4082
4083
4084
4085
4086
4087
4088
4089
4090
4091
4092
4093
4094
4095
4096
4097
4098
4099
4100
4101
4102
4103
4104
4105
4106
4107
4108
4109
4110
4111
4112
4113
4114
4115
4116
4117
4118
4119
4120
4121
4122
4123
4124
4125
4126
4127
4128
4129
4130
4131
4132
4133
4134
4135
4136
4137
4138
4139
4140
4141
4142
4143
4144
4145
4146
4147
4148
4149
4150
4151
4152
4153
4154
4155
4156
4157
4158
4159
4160
4161
4162
4163
4164
4165
4166
4167
4168
4169
4170
4171
4172
4173
4174
4175
4176
4177
4178
4179
4180
4181
4182
4183
4184
4185
4186
4187
4188
4189
4190
4191
4192
4193
4194
4195
4196
4197
4198
4199
4200
4201
4202
4203
4204
4205
4206
4207
4208
4209
4210
4211
4212
4213
4214
4215
4216
4217
4218
4219
4220
4221
4222
4223
4224
4225
4226
4227
4228
4229
4230
4231
4232
4233
4234
4235
4236
4237
4238
4239
4240
4241
4242
4243
4244
4245
4246
4247
4248
4249
4250
4251
4252
4253
4254
4255
4256
4257
4258
4259
4260
4261
4262
4263
4264
4265
4266
4267
4268
4269
4270
4271
4272
4273
4274
4275
4276
4277
4278
4279
4280
4281
4282
4283
4284
4285
4286
4287
4288
4289
4290
4291
4292
4293
4294
4295
4296
4297
4298
4299
4300
4301
4302
4303
4304
4305
4306
4307
4308
4309
4310
4311
4312
4313
4314
4315
4316
4317
4318
4319
4320
4321
4322
4323
4324
4325
4326
4327
4328
4329
4330
4331
4332
4333
4334
4335
4336
4337
4338
4339
4340
4341
4342
4343
4344
4345
4346
4347
4348
4349
4350
4351
4352
4353
4354
4355
4356
4357
4358
4359
4360
4361
4362
4363
4364
4365
4366
4367
4368
4369
4370
4371
4372
4373
4374
4375
4376
4377
4378
4379
4380
4381
4382
4383
4384
4385
4386
4387
4388
4389
4390
4391
4392
4393
4394
4395
4396
4397
4398
4399
4400
4401
4402
4403
4404
4405
4406
4407
4408
4409
4410
4411
4412
4413
4414
4415
4416
4417
4418
4419
4420
4421
4422
4423
4424
4425
4426
4427
4428
4429
4430
4431
4432
4433
4434
4435
4436
4437
4438
4439
4440
4441
4442
4443
4444
4445
4446
4447
4448
4449
4450
4451
4452
4453
4454
4455
4456
4457
4458
4459
4460
4461
4462
4463
4464
4465
4466
4467
4468
4469
4470
4471
4472
4473
4474
4475
4476
4477
4478
4479
4480
4481
4482
4483
4484
4485
4486
4487
4488
4489
4490
4491
4492
4493
4494
4495
4496
4497
4498
4499
4500
4501
4502
4503
4504
4505
4506
4507
4508
4509
4510
4511
4512
4513
4514
4515
4516
4517
4518
4519
4520
4521
4522
4523
4524
4525
4526
4527
4528
4529
4530
4531
4532
4533
4534
4535
4536
4537
4538
4539
4540
4541
4542
4543
4544
4545
4546
4547
4548
4549
4550
4551
4552
4553
4554
4555
4556
4557
4558
4559
4560
4561
4562
4563
4564
4565
4566
4567
4568
4569
4570
4571
4572
4573
4574
4575
4576
4577
4578
4579
4580
4581
4582
4583
4584
4585
4586
4587
4588
4589
4590
4591
4592
4593
4594
4595
4596
4597
4598
4599
4600
4601
4602
4603
4604
4605
4606
4607
4608
4609
4610
4611
4612
4613
4614
4615
4616
4617
4618
4619
4620
4621
4622
4623
4624
4625
4626
4627
4628
4629
4630
4631
4632
4633
4634
4635
4636
4637
4638
4639
4640
4641
4642
4643
4644
4645
4646
4647
4648
4649
4650
4651
4652
4653
4654
4655
4656
4657
4658
4659
4660
4661
4662
4663
4664
4665
4666
4667
4668
4669
4670
4671
4672
4673
4674
4675
4676
4677
4678
4679
4680
4681
4682
4683
4684
4685
4686
4687
4688
4689
4690
4691
4692
4693
4694
4695
4696
4697
4698
4699
4700
4701
4702
4703
4704
4705
4706
4707
4708
4709
4710
4711
4712
4713
4714
4715
4716
4717
4718
4719
4720
4721
4722
4723
4724
4725
4726
4727
4728
4729
4730
4731
4732
4733
4734
4735
4736
4737
4738
4739
4740
4741
4742
4743
4744
4745
4746
4747
4748
4749
4750
4751
4752
4753
4754
4755
4756
4757
4758
4759
4760
4761
4762
4763
4764
4765
4766
4767
4768
4769
4770
4771
4772
4773
4774
4775
4776
4777
4778
4779
4780
4781
4782
4783
4784
4785
4786
4787
4788
4789
4790
4791
4792
4793
4794
4795
4796
4797
4798
4799
4800
4801
4802
4803
4804
4805
4806
4807
4808
4809
4810
4811
4812
4813
4814
4815
4816
4817
4818
4819
4820
4821
4822
4823
4824
4825
4826
4827
4828
4829
4830
4831
4832
4833
4834
4835
4836
4837
4838
4839
4840
4841
4842
4843
4844
4845
4846
4847
4848
4849
4850
4851
4852
4853
4854
4855
4856
4857
4858
4859
4860
4861
4862
4863
4864
4865
4866
4867
4868
4869
4870
4871
4872
4873
4874
4875
4876
4877
4878
4879
4880
4881
4882
4883
4884
4885
4886
4887
4888
4889
4890
4891
4892
4893
4894
4895
4896
4897
4898
4899
4900
4901
4902
4903
4904
4905
4906
4907
4908
4909
4910
4911
4912
4913
4914
4915
4916
4917
4918
4919
4920
4921
4922
4923
4924
4925
4926
4927
4928
4929
4930
4931
4932
4933
4934
4935
4936
4937
4938
4939
4940
4941
4942
4943
4944
4945
4946
4947
4948
4949
4950
4951
4952
4953
4954
4955
4956
4957
4958
4959
4960
4961
4962
4963
4964
4965
4966
4967
4968
4969
4970
4971
4972
4973
4974
4975
4976
4977
4978
4979
4980
4981
4982
4983
4984
4985
4986
4987
4988
4989
4990
4991
4992
4993
4994
4995
4996
4997
4998
4999
6110099
5644147
95346
3085589
2661730
4125724
1769647
6342588
8736557
9768078
8963395
4252619
53708
5177034
9863694
4723207
305497
8111740
9735850
1149229
6965275
5810443
4881153
339790
7774880
4751332
4599290
9410106
2077746
8253475
1575674
704197
6413974
1671020
3789787
1592057
8313096
8075786
7934645
9566005
360216
6898041
3818624
2930276
4591427
3682318
7653483
7413276
4310411
9905686
8562505
1275686
5716129
5960011
4131829
3491009
3227695
8731119
5417468
7821793
9500946
6993142
8525990
5914921
8664162
4832129
7506978
6977258
2907915
5441623
9059616
3268131
4856016
2878240
6198407
9447443
9076911
6368243
6860720
3387322
6273929
7939577
4663008
4506410
6415940
1311189
513772
2159987
42308
5931240
9981780
9543255
2924382
8507771
7974528
4104896
3339900
5481506
3598506
8764168
923129
2658122
2032299
5779146
5536363
747059
7742941
7129626
9631654
7120013
516948
8421935
5059591
7696308
5444697
3991883
9007498
8474821
6151871
1566158
4406061
6133651
3625765
9846795
7157774
1600293
3951691
3014027
7081799
66550
1778195
521281
2724672
6326846
8816779
777387
9590257
6559720
7907013
9221911
3679734
940313
160198
1255677
8636622
5604896
5247560
7644120
4079717
3915783
9210278
1002131
2565787
5352396
848926
9723561
6952689
7316970
5253940
4034489
9899872
7032135
7072122
2624544
3358982
5888901
5918284
2949239
2448621
3825297
2171151
8644707
7281963
4847701
9900384
5918585
452597
7664297
3562705
7048667
1580080
5289335
8050798
6662219
641731
1416076
8902133
110773
8733046
4156073
6661614
1149270
1188209
3733736
3773815
4547191
9622637
2208451
12782
4587610
8550100
4700285
3232318
5832063
9547987
5649054
1750648
2516936
3313351
7829705
9565603
7409784
5635393
7616401
4072003
8793476
9032478
5490488
8904249
281876
9646562
5565863
1431147
3351123
1815951
7721314
414666
1438588
9929765
427448
8542551
8479865
5127734
1774869
4311929
7192073
7423923
8578929
9709009
3253627
6408635
9274613
663411
2044028
6891014
7251766
837504
8439844
2742255
2258106
1238073
4905169
340321
2669220
8256292
2156273
2906886
8670958
6111213
2836651
9098406
4653764
3832868
6742492
6428633
661149
3934565
6368909
9240079
6159927
9622536
8165066
5434540
2802299
2725446
4841906
54065
6079302
5798103
2796320
8337408
7036176
7701489
8677730
9705396
8474133
834003
5128634
7145091
6945216
7965285
8759850
4115333
4314505
5502342
543966
4975655
1953260
9429227
6732086
8113187
9051763
4897152
6064079
1854062
7622598
905985
4424480
3701900
6704088
7220800
2039309
3740264
7438642
3233391
5962012
5912775
6583746
3606998
5574219
6045314
1572283
4334069
160647
8403141
2352763
3220966
3378796
4306023
2650193
110882
4935562
4218309
7524386
999641
8588723
5146984
4421979
3013203
8848884
1126067
2750356
3404545
7382684
2705350
9154288
5861048
1134477
5738034
9468047
6708696
1783349
3556682
1042765
4460348
1959823
3395529
7681314
7854971
217904
2847860
482205
7669819
7066169
8006591
8669460
5654892
3153575
3091439
1184448
4518812
6733859
3934804
439709
6632895
6640154
9593998
5010295
7774631
5332032
6994694
4483328
9631733
3067729
8042445
6608434
7543904
3954326
4289748
5398876
6688583
7137608
8397433
4358402
6720129
6404025
3027862
4891374
2073952
8635654
6075822
6592764
7885865
10626
7032474
7035112
9167132
9142824
4561759
6941763
4474856
1556454
3941443
6622942
7140535
4500241
3231376
4684439
8454567
37476
2599667
5143150
9691437
997101
2017904
6411566
7401126
7562119
1302940
9475078
8714125
7378762
8584195
6599990
9905740
8133021
6151454
9072872
7275845
713213
6014636
4267053
4786019
2472431
3406347
1926554
6972672
6637723
6610994
5427240
9191552
9210661
3086742
8882989
207762
5104647
5294555
125240
5183118
9113848
9600319
3897243
6492610
700866
497233
6398351
8833887
9165039
5471223
6109732
9878252
4002211
2893137
4664272
6474643
6299485
9107178
5963667
2937208
5718172
3907259
2128760
7445186
6994002
1011749
7652948
4615001
8822657
7778189
2314471
7936505
9894860
6211714
6945467
3112078
9225299
5860170
1945965
8390338
3847746
572049
784942
7849957
3465186
7965566
6840952
9764671
7072745
2804620
2701880
5307269
6711879
7346992
2752455
6222233
875094
405404
3353586
2214103
699945
8184409
150608
3111157
4396123
9612427
6223235
3621422
5472598
8169200
4528112
9320344
1257601
5313055
9686653
4722787
5794973
9043958
4487459
2867718
4364930
9705691
8174988
3593161
9569035
927443
2331747
444129
3849199
8201685
2658232
7065496
6386095
5325192
176653
782218
7453972
8916240
6919993
2926570
9601792
1448105
4763266
859393
9277512
6966271
5582181
5072486
8526581
2585992
7940204
2891511
2291683
8631544
6484673
1860718
2075340
1332772
4821200
5924539
9534457
9995784
5506388
5920552
5320977
8199393
9219123
5291301
7115634
6139116
8217871
9233778
7587221
5497489
2609524
6864734
4980112
8191705
1937220
3506694
3294049
2393776
6398205
5585732
1025321
5399230
9962802
5617013
6732002
4784002
4057904
6266460
7296139
9564292
4703364
2617116
7763686
3922487
424769
7395672
61603
1158992
9145802
165177
6656481
1755326
7029911
4152945
2463383
1483483
7659639
5757432
6393611
6574197
3859516
9935284
4489779
3822319
5552297
3738134
1122673
9610202
4594
8418812
1690846
7224310
3552280
9454532
1146798
3977049
9366556
3724753
7652393
8512359
3889930
4308874
267685
3436193
978172
2731069
7436028
1154163
1004853
3829640
7728360
4864370
3764924
4734492
1203041
1833574
8472626
4842066
1443776
993572
5777231
5650974
8217882
1845863
5105507
1881032
8339265
6988415
8122138
5991658
8017126
2012068
2816885
8284812
7964614
3795057
3532233
5400642
4949220
7053438
1746634
5193933
4434160
8027911
9928425
5637201
9861485
8401051
479268
3821613
1910975
8772851
9472587
128857
618714
7094446
4526242
8957979
6599214
2648380
4949638
4616340
7176800
7766523
5417504
5141414
4077932
1466089
3058409
9027152
8519528
4805043
6737437
2953688
5349306
6665862
8590890
7727143
7583265
1586510
1548756
9494240
2875713
3537696
2139450
3494427
3148494
9182044
4968759
9747708
1830424
9918397
4364049
9007224
201272
9781553
6664991
6795556
1247643
9723400
5822708
9767171
7044795
2560146
5237211
2394102
1742360
6344453
121245
1841978
7930963
4186354
3852570
3323028
240402
8508372
6817456
3388896
7690416
4302567
3136605
9520840
4220964
17006
1044417
6938588
9798559
7709408
3734144
3562554
9949160
2073204
5846077
9510307
7149702
1083289
4420761
1408415
7427742
7058359
3250393
7875058
1244713
7102963
1198086
4001467
5611336
531894
9906715
5818104
4834461
5559672
5338945
1571777
5576678
8899714
8510365
7891590
9125474
4760861
1454144
9074634
9350418
7300222
1101293
6500120
899863
5522055
7908535
8327605
2580414
3675280
6202663
6341479
3294596
7400750
342946
1422284
448996
249661
7240388
5283458
8325686
2579333
6855235
3902364
3995399
7881953
1793954
3120873
2642814
5764451
4711859
1993232
5581025
5813153
1009705
6480888
3851560
1434592
4808493
6431974
5109873
3527509
5289805
920821
928259
8149103
2343105
1377255
915116
9583493
9177065
9240802
4679179
6032301
3143167
8674578
3914254
7453473
4311804
9073420
5734276
1540015
3583005
1315301
9869520
4592710
7796189
3721080
8543654
5121035
2669406
3653527
8648544
7959211
7090700
2093155
6108314
9433805
5986762
7023431
9017299
5163828
6264233
3696478
1196129
1923752
4887408
7626735
9377226
9199212
6700155
5111502
3255580
2799512
8943156
3125100
7392222
6739345
6846181
5935877
4376732
9515587
2105756
3025276
9991151
1712809
7634783
8615817
1146614
3621546
5639248
163913
8785374
4419834
6376743
2497855
6343586
1264152
2640942
8237164
2979716
9341097
5865019
6235296
2140610
4808175
9360397
2049184
4063872
8722930
501413
8440605
754869
5123522
3982233
746020
6836331
1617017
1878190
7982945
5238563
7517438
663211
6540289
4453624
9556306
1554496
3313563
820458
4195438
1550727
6316527
6052887
9932098
2551823
709849
4740273
4428572
5275386
1320498
5667854
5776799
2277455
6422724
3416673
6259688
9685096
2769356
393057
1563286
3268654
8147972
1597077
3931865
7204613
6050701
3488171
8759109
9364264
6824982
5470899
3431344
5657861
1523787
3363442
726036
2233636
8103716
5154609
7509022
1940566
822463
5802174
4218021
9761539
1735199
2994061
9446636
4504556
3387119
1009922
7773210
1535091
2606999
4221427
1256057
1174053
225950
15166
538317
9567284
5486066
3969661
5225145
9526205
7333104
5951182
1759841
7953172
3622143
1785216
9893738
6960958
103742
6628111
6722498
1838941
9622172
6169134
8859849
3009291
9695408
9149411
7060735
4818760
5887190
8316792
5992813
6113141
848310
9047482
8196777
6334376
5533496
5938275
5860581
5382952
1889457
136775
3336124
8027952
4438343
5746214
4988910
4542085
2374325
1711408
8897378
1996497
396894
7757228
7522141
2608655
6906639
7099228
7427415
5310182
5416020
5936580
1423323
6264330
7500414
2136452
5115059
3033910
8074727
3491992
8416862
2480536
3628767
4269338
508488
583462
2531904
5497399
5125547
4906229
9725159
6539278
9419079
122054
4296506
9457572
2730709
3719497
6556800
2674476
9029679
4489172
1127408
2969354
753502
1144174
7622159
8384913
4178085
5696886
1876906
5111299
8177423
8022025
1896990
8685911
8605488
4428894
6699662
6247387
9335124
6424822
2786665
1270555
6546876
9599523
728127
1793937
5835373
7284927
6984765
7381404
1774099
628525
2867111
5043953
1772699
489270
5945219
8467136
6186156
338477
3578436
6879931
8360502
5475426
8082195
9482342
9904320
4781857
8246082
1755796
1206679
1032747
5542703
269907
3148623
6270830
4580196
1500348
6072109
4081313
1398104
362560
4709838
4265215
7922866
8998890
4754485
3868085
7466026
3456994
4206562
3560814
2853277
5083416
1552592
935472
7082111
3973265
8233682
5328193
5729061
9440361
8877292
3788117
2226621
2025915
2575299
6806817
6042615
8647409
3404483
7440720
1526321
630673
1705935
9449187
9629563
8976773
5833624
9611942
4950119
2556538
3172756
7803396
156307
4725349
1255221
7238418
8698614
9488903
2566611
6944027
1445616
1443903
3248496
3672237
5986171
5823796
2995407
2028786
4471205
8916242
9469506
8513878
9546915
3691794
7963066
9176479
5184919
6313042
1304773
135038
8869581
4477529
454786
1542240
1719230
4226359
8780658
2934196
3715262
1347269
2394576
7677231
5307524
5643072
3865820
3810047
1466868
9377579
5838834
5938073
8293821
7824692
6968304
7840737
4032838
4931370
9533568
9217757
3760764
838341
9352795
5146697
7832222
2323934
6688937
9551453
6550293
5469595
5002001
2781908
9333216
7396577
459139
7157093
3039650
4324959
967140
4506518
3702539
9322326
2960944
4512712
7147019
9929248
2353449
1179857
7376970
4403369
397615
1137734
7758062
2266762
8800784
5590285
4590696
5489721
7658090
1140990
3475669
2660091
6439250
5325237
56669
6898389
2482330
5612671
3739700
5965823
119189
9958591
5288149
5596485
4471304
4951520
5525733
6824753
8647730
5419055
3744475
9045345
6556790
1502537
3828459
5357574
7092822
935508
3363647
7267264
4592850
9355668
9927356
1032100
4680906
2500377
7930489
9679588
8113048
4186541
5645411
8232237
4145133
3449913
3828723
1132789
8401433
1870808
7957542
7049163
7289864
4218369
8610860
6363006
5720907
2439320
4236932
5330081
3374828
7600579
2597346
7967678
6956248
5041054
1516130
4153506
7541431
1962971
3833094
5654479
6149512
1994858
6403068
2810997
5444771
2748143
3943786
6362556
4618952
4417681
3411720
4425168
8636050
4538932
788174
6873309
9494604
5025106
2203391
5385784
5142037
7317089
5869814
4614637
4874495
7385944
1284495
2415926
9348915
7633942
586757
8014780
9628800
9506177
825777
7589923
2254321
7285916
3952479
9389625
1703597
9880551
3814793
2855999
6935836
7119319
9729309
6430440
4660777
4449052
4332577
2319166
4282493
202391
6933804
9156988
104688
734651
1572914
9453603
8368593
4676023
9984735
7997393
4182200
3326865
8103668
6436521
612781
2056148
8342498
2316378
4453051
4673643
5172377
3905239
1792962
7418038
335680
8970091
1867090
4668257
1289258
6149583
7387000
739414
5306571
7491688
1474065
9395837
9461644
2359011
4071860
1962731
356404
8254061
5289596
976425
7206934
5902377
5548925
8065785
735107
1976
2739428
5907485
3907216
7048743
3325523
6759248
6018834
7708966
3943857
9824444
3858549
3847209
563858
1681473
1338898
4554276
1077310
3316894
6913287
7665523
5279625
9786043
8435936
3085574
762468
5642870
8987951
6311393
3708655
9723059
8829722
8964436
8146896
5253290
6013179
3988771
2012538
2032013
4214089
8472747
4372810
588991
2319956
7453020
2270464
6175206
4523648
5864126
2008452
1436935
3529649
9804430
3739331
4481937
2890004
7018151
2641160
4394307
5845897
6349815
6633718
4675619
7830603
4780614
9928909
3843782
1285738
4457799
8392148
5499827
5446898
2764958
6088818
7766854
2734330
875634
3942061
7257979
6739761
8466865
8694914
2785762
8271295
4950597
7267700
1161299
1968749
9908860
5555607
7814646
8775027
2189325
5006617
6605631
9486292
7451878
2965765
3288382
1909677
1357913
8788209
7356575
6639223
7393380
7639781
9373554
8269014
4098194
6631533
7525127
2565060
7842799
2827242
836355
5309749
94942
4514007
7278498
2520154
2585966
7609496
3811533
7291643
2616113
2933516
6777935
67991
5899282
66317
4494020
9773547
1370879
4366947
6412771
1280611
4523080
8302677
9549625
8621275
7450562
9591105
3702687
5293361
2418347
7055394
603110
5029641
1569401
397960
66147
4155367
523808
3877680
3963363
3139921
6811197
741298
5724264
2710479
3323968
2734636
2484026
7211199
9617935
1413149
8491810
4141016
2232178
557787
5278643
9682740
2665244
8981330
7492454
5083591
6036724
8095564
2629584
122478
1009877
2695731
4277845
1533685
6573412
8241208
7189959
3384609
1498859
2914223
8611440
7339179
8165212
3611818
7066730
7783147
5024968
5558540
1924163
9773498
8632679
9719158
9456239
1297924
8700488
6948693
6381515
4737213
7560609
1527452
4859691
8570486
4223183
1653888
2620524
796595
2411449
9810483
6697556
6426660
5241058
5308996
6282191
3406270
8920815
3348921
3705770
6462135
1423813
8146285
6235633
56492
7865444
8208224
1354416
6565932
5156917
252284
3819497
5233879
1779736
1195540
3804365
6002919
5365781
8941241
9315867
293582
8751724
6013423
9236594
6509135
3838772
5518785
9915405
5275939
1384058
6137527
4254426
2807871
4283813
3006411
2864363
4665609
1214636
6735132
3747893
8887905
6987416
7567391
4121784
1283504
1279283
7926150
9802775
9161416
9383743
1634994
1971350
8135468
7648418
1207944
4644603
4003542
9243081
7076360
1795833
627139
5730240
6050259
5951362
14053
9056670
8815726
4679662
2787658
8067210
943907
1675564
7570978
1027650
5797348
8854482
2306934
6239850
1173609
3984702
5623594
2808604
5956053
6275414
2973374
9680349
3436369
6976916
1439783
512729
8772749
4583274
8759321
7339360
534637
8773374
8912382
9350363
5969388
1700041
7417573
6913296
3375605
4988551
7940946
9172953
6359385
2764232
5412804
7532994
9265287
3552750
2857950
7737692
9828164
5831324
7418041
3264533
5324592
1374176
6293614
6613693
5957451
5052936
3953053
6492088
3826310
2865436
8358803
2312051
4565477
5776376
1741699
457434
3281279
2198997
9630387
2157016
7479582
7559543
2206362
6744869
1112293
5064313
4482561
940457
895637
4416954
4204990
6220230
5791131
498605
2833923
1748582
5551541
9303329
8240670
1894203
2168765
6599473
6722606
9250594
4892201
980657
9708028
689832
3179655
9338415
2846848
3175589
9414311
5053210
9920458
526604
2633875
6919371
1467062
3529513
1336325
8188404
9749743
9643808
1203361
5100018
1392390
6754902
4403347
2149412
1165458
6572112
1265237
404416
8339058
6157438
1385074
8047086
9363622
7081081
9901854
4726822
256670
9316165
2296385
2693480
9842769
4930260
9612851
3826183
8459773
949176
4530940
725868
592985
5734301
8342239
4501727
2489204
2745586
6651140
6171014
1834051
432729
6575430
173109
9106520
476856
736548
8470142
7557937
638402
3196965
330959
2470919
8009702
3024439
4830040
2939962
2637290
8656224
3916088
6102819
3187164
7158308
9212156
8921465
5500547
3713883
3927021
8246134
2881375
2614387
2596537
3314105
1706170
2769646
2420625
2183026
3506194
3407119
2257316
6660948
9120436
5104627
9131867
7130138
8129067
3961908
2586453
3282709
5134484
9018893
1901880
838000
6177201
1114036
2275817
1677749
7344272
8719191
2440235
2741999
3849930
5036772
6056104
5556100
322770
993081
255479
3828965
4400201
5029147
3006265
6036989
133774
4654485
3167128
779193
1132745
8269933
4061903
6267229
7288826
5963783
9621581
3466027
9594172
1897398
7660128
6938444
3132941
100363
9680443
6982872
7653487
8252900
5055324
7976258
1762333
5310803
4321575
6162534
2856302
7327840
4715876
2990077
4498677
7883004
6285622
5631422
8669289
2863877
1898651
5958115
1344013
4036584
1940494
938185
8450335
2116975
392981
1583276
4733690
2589776
8566148
2387178
842676
6137825
363436
2605010
1448628
7201363
1283896
4304931
4529203
5999772
9811360
9027881
6399128
6096982
4659303
7584769
8960860
9074307
3542884
304873
5627243
7999731
3759410
4077578
116706
4152391
5660855
4850396
6742167
6743355
7237574
101196
2881180
117362
5222558
6846161
7318725
9022806
1151092
4364281
5022579
3478804
5908514
3938059
9575786
3084169
1522829
1052998
4674828
7582065
1357871
302072
5581796
7633633
4379650
8214854
1786024
2556857
3065251
1044544
9300213
2819177
1145740
4697745
5452892
8884650
1543906
5287969
7907456
5211350
9652250
5446387
8690154
8077116
9384447
782293
3677638
3423628
1835291
8352466
1005693
5709515
1170890
9103842
3343148
5550541
7318696
7645525
623750
2900299
1206421
2440315
5719477
4868513
7138061
3688721
3753163
1198319
8976690
1660619
8926022
1145293
7107007
7616176
9222409
9007806
914821
2900047
2431434
5266465
3768866
5953479
975980
4939756
5057321
6835480
490297
2376018
6997357
1114048
7792669
8203778
3554363
3512146
5588643
3208776
7200867
9341806
4407096
8693910
1002426
5849470
9839203
625785
3465646
9061612
9633591
6896820
4478012
4581377
2163285
8246878
534856
5655617
3186634
5592178
5007449
6193284
484548
2004807
9823684
8277217
2724937
5894399
4305716
829933
9103176
4022935
171739
6026624
2716845
3690517
1876094
2556048
4316302
7858092
4134013
6466245
7271264
8612025
1047622
9434549
9375255
1582479
5090166
2561889
9691009
97616
1271525
175557
4618775
1095209
969126
9860064
6989609
7791194
689997
8609137
1814130
3378089
7152113
7047327
7068606
1544559
2119728
3901261
1919003
8770093
2883858
9190268
9898470
3931481
1141169
9273725
8030312
6231336
4351966
7721321
8845304
5623492
413230
5980431
6718701
1382356
8356847
6224662
9173551
1563197
7350151
3504033
4941286
7018616
551360
4526244
1079527
2671088
943857
2998531
3957533
3827716
4705151
3856003
275549
5846320
3129728
8305861
4594008
7481695
6027182
5955664
5621539
6440412
1936095
4856592
339120
2809295
3597607
9512671
6888844
947758
3016704
4346482
482727
6084417
8872726
4078606
1271857
2332936
7077137
5229391
6160652
4298640
9085394
8952553
2661313
4731475
7258414
7255321
2213170
5801948
5727338
351061
2242360
179785
5207653
2581480
2989080
8805260
4610504
9877924
2269371
7627208
4224406
5268450
6227977
5613485
9347056
7499835
7946421
8940546
2729226
6623425
3239186
1814620
5575978
8416851
6546095
5350744
8188525
1275617
1152692
3915863
1626678
3395052
4095648
9350684
8492884
7084729
672296
3103388
9479005
2941667
3246949
3703412
8210117
9474926
1833249
73526
6974761
9779670
9014072
2220339
8919447
4769610
6551312
7011777
3186462
5613759
2362521
1374987
6889377
3515213
5290850
1032407
6910265
9386498
2899443
7919501
8987579
3571740
3539242
8466585
6513407
6786191
4686349
7239877
8777469
6519598
9829755
8268583
8815620
8843827
488922
251419
3613437
9556586
7263196
9316251
5170346
9625717
3207590
2059723
3140930
8498440
5608482
2567547
401291
8507926
3003400
9388870
2079666
6542642
371807
1109425
5845185
5058156
865654
7139007
4094106
695409
5407590
5426078
2055588
8412864
5677497
5669026
7969451
2940693
7501629
5656149
5082762
709220
232224
740044
1724012
5840706
3307591
2125303
6864984
6310992
4030526
1461002
5369986
4402333
5086780
1215172
1976842
5952434
8354179
8587300
9164196
6278121
4013379
1219784
7207337
9690876
6888810
7693140
5147922
6906792
3349289
2747036
7616012
3581513
3487081
9340024
1938572
6794672
3981680
8803556
5622016
8012206
2780911
992003
4930891
7867691
4723527
6907733
3820125
5594058
8011386
2984321
1872179
2024765
4204106
1595868
4231993
3609268
9289009
1896267
3032412
5154650
4643304
648424
8736164
8130385
2504801
3191088
4925057
9002833
4510996
3063426
7015039
7291907
6571781
4462282
5159598
1295308
3886368
1496076
6889366
1897754
6996749
1277897
3922519
1200855
5390117
670864
7326476
4679126
2567132
358888
2350129
7210436
3523665
1086293
5340821
8544818
6793733
2782230
7547651
1304729
5845656
7079042
8596637
4933789
1541324
6272587
6229097
5427692
7768663
5634815
7325446
4765413
9429064
3764317
8482620
4819182
4435182
8325448
2014660
7002314
1200689
4364789
4212750
4724354
7967434
2069923
5785524
4761167
4852153
3333175
6065897
3214162
412217
7178886
8147951
4469893
3451473
6893401
9897586
3736489
5044568
9739384
8501902
4473633
6020054
9500874
1809167
455236
7826323
3823827
9973902
9027012
8188617
6703004
6267718
6156051
8772927
2053242
917219
6141432
7902769
9499468
1871946
831338
9194706
19898
5301231
5162531
9429651
5198817
8899020
4474219
7454554
9917274
1464204
3474608
9418149
3273371
6446196
9760824
7097199
6420098
1304188
5285816
5639454
88258
3958219
6928733
4657852
7391790
3070165
2560621
6891258
7458464
3391959
8602316
7478362
8693190
3764848
9424365
6408360
2663868
3898584
3862914
5097495
5362789
9853874
4515644
1152512
6300070
6792820
8249711
2720168
8097008
6051879
875974
8185266
10099
7804707
2843118
7401889
3391224
7920091
6809500
849688
1312050
5411816
844402
2521592
1693016
268767
1446304
4356885
6683704
5309218
9454380
4562845
5163092
6486376
5715357
3979514
5795548
3965069
9216034
3892556
16948
92008
4594174
2543399
413067
9953644
9945289
3804292
7873735
9271141
7170332
1702137
4682957
8014735
4223729
6375974
799854
5670034
3249211
9999910
3495604
5219943
4562755
1175049
4222671
278113
7670915
18219
6759534
6886950
6427127
9292834
6978958
1021301
1836234
7392026
974945
4297875
3712670
1365032
3569016
883002
3067169
8251973
1414089
9807250
7144299
2213944
7993636
2909862
2213854
4005593
8129805
9292962
7696994
2352476
2087427
5367909
4887047
8846961
2254859
1314174
656147
1750170
4851827
2492381
1658548
8343124
9306608
5371218
9708156
2875624
8770572
5291677
3643950
184662
5098928
3304601
4914958
5608916
6214464
9645164
9614509
4344269
8938126
9827855
9213098
1025553
5195765
4100145
2388866
9966976
5414320
3045014
1717146
266147
8053747
5892046
8609272
9876708
3779616
833780
2752332
2550189
6125458
8912634
5251203
3740738
2217236
166161
9349654
8431700
2327677
1480516
2775969
3782156
1308371
1989067
4807709
6504136
8605565
9712928
6471113
4019885
5274294
704611
6802384
5844393
6596658
7928008
5721101
376274
8761789
989786
5442815
4887247
9902420
694018
8627985
2119656
3376531
493991
551356
5704209
1974507
3327326
9486365
3282879
7832745
6810426
2303367
6438310
9039706
1290832
2974547
4314000
4511796
9776932
2674746
3624806
7704940
8395847
6517432
6466729
9385633
1960248
3870328
1804406
5170618
5014665
3924062
8547150
5508657
4475419
6767711
9999516
319097
8770428
5798747
668194
8097206
618467
7106505
7136913
1909299
2597404
3967265
8937447
2374336
9158363
2562253
2595629
7554211
9079686
1578710
9456196
1039934
5449039
1260602
8726904
2980056
7701017
7274054
1005065
2176436
6558117
1004582
5011885
7844897
6803329
5680079
5942104
7421796
5302936
5595369
1847448
7900341
2078986
784895
2791029
1237350
3347149
5386658
1307913
4943187
6965369
3280461
8499473
4930760
4541064
7226377
427168
4758433
7016784
1432234
6934869
6091253
2436816
4463106
3936151
1756497
143185
2394607
1694646
5446122
7989976
6058446
5862815
2585314
9359693
8653844
3822664
5223194
4040503
7646929
166381
3522224
927391
8665854
969336
7984807
8408584
1396504
2743240
5425368
5345090
2194461
1516621
298258
6657567
5452772
2054756
6800752
363731
6265754
4763226
8353707
4840552
626041
3455374
4200245
9279886
9794390
9423440
5836741
7441320
9589821
9358965
8368711
772028
328301
6353518
9180612
4241157
9096758
7122332
9586248
1291219
1155305
9884506
7948786
6608078
4455614
7265890
9488161
3237720
4545469
358221
8078272
5171510
3813595
2278518
6967748
3607985
1701958
2804489
1049305
3808131
2163454
9418016
7096511
5008107
8287886
8793475
1765617
7384644
5915807
1351865
1192215
7071113
3752723
9141001
6195543
8208338
8923244
5683704
3962410
3468713
6041925
2040683
1156575
9855520
4319201
8124324
5979858
8537511
928813
7029163
4861994
5608620
8963532
1958506
3133079
7251418
751981
4898696
4636063
9184141
8766913
5828278
8771606
2519637
7485632
4967149
3244327
8925228
3167205
7206737
2393941
9209131
1763772
3550516
1581003
8599325
1674840
77213
9653188
5120006
7106377
4515183
728626
8586261
8990041
3861705
5837679
2258374
8760402
2990094
1442515
43667
1334725
214121
5079656
1336709
7697622
840335
261937
864828
563425
5172230
2590311
2327197
1239098
6687666
926523
5430291
6764880
579711
550297
6387609
7611246
3795275
4973870
6601287
7656980
3327901
8859662
8933734
6317996
2818529
1493754
7652721
5549003
6573410
1505782
3246625
7413746
1767719
6627805
7977171
9456301
1734468
304368
695399
8422135
3747243
8642042
5187015
6843307
1708691
4090976
4454553
5503966
9064846
3572193
5677299
2392747
4948207
4611033
1227095
283088
8621139
1396168
5832091
5194550
2901950
1595069
2608296
7186021
8222874
3101819
6642322
9957343
3406187
9854074
895830
9669783
1012468
8599197
6513090
2721160
2690173
3483995
8225126
4271371
7056188
3902425
9180470
4520747
1029811
407566
4803836
9650950
4320086
635927
4845500
7222037
4747348
9970148
6924410
5486575
3071967
3566733
5443918
8994507
5937159
8856100
1180642
6949627
7455297
7693732
9670787
145470
3694079
412266
6933193
3266620
4314691
6113663
7787367
7860854
9037581
2591203
7511805
3357668
5743483
4873657
3096057
490831
7360158
20467
8493758
432125
6103552
3937676
1942984
4557063
2793776
3123626
4023043
2765425
3333710
3693830
5427247
7027790
6622448
2360440
294410
3453492
990456
598129
1314346
28037
5705685
1342503
5902057
3965520
8732513
1514466
6972703
6092671
1534934
5466462
9041148
154838
1920490
984133
4711902
7230619
4107759
8734945
9996044
9957822
4945127
5423292
6985612
4083928
300084
9796374
7537420
1290540
2910855
1368118
3834930
8616540
2710622
9736987
2582060
1443135
1251454
2071116
52158
5302740
7537578
9093306
5457578
9458068
77439
2685832
6688687
6701551
3937129
9201084
6659373
1398609
7140728
6161337
5482537
7440812
8474063
3019957
8731353
1384918
4388075
2566283
2517811
9615049
4819622
7616223
3574536
8587428
9687339
3626694
3890168
7224917
2720001
1864099
9199338
5313792
7066283
8404377
4531695
3519765
121813
3707420
4918374
7262541
9868757
400911
4703354
859172
5937220
5951059
2244091
2841647
8517342
4761902
4973049
5853316
2378125
8547585
4440745
2065465
2174280
847265
1806734
7410633
5227716
3522424
2724425
2294000
4443154
7256121
5813765
4564967
963541
3248491
1827509
3348651
6165754
9047215
4207823
4619326
4998274
6451914
7460973
6031968
3730168
4950374
4401636
6108294
3497960
8842381
690111
8188592
2205999
5013197
5599225
7433715
1051974
8323650
2244067
5495128
5579771
574184
2576447
9059665
3822675
6920308
2408316
9988429
8483875
6616139
7124107
3482149
5584406
4585081
2030469
9314574
2051807
8948458
7939220
5549767
307191
1145683
3738359
2513190
8675233
9337584
2463258
2243559
177587
4707325
7738687
5757358
7797862
2831486
7333375
4136889
9751795
9741691
6641671
8235670
8874183
3765778
4234172
6974941
867211
8780993
8805867
2919019
7729451
9261440
8468786
8036643
2923475
4723498
549833
1598708
4061082
5529443
3842267
4238669
236769
4097306
2512380
550983
6928793
9845755
4687872
9196940
2103799
1329543
9948962
3494334
5095322
4183134
469275
5962533
5480480
9275142
8881552
3209931
1052934
7350339
1246574
3976410
2073837
4312760
8091470
8651271
9842203
1933738
5406293
2595324
8547396
7918673
3146307
7992541
280780
350532
7189481
2384579
1680075
9654796
8395265
6775397
3837930
8864540
2737931
1834762
656035
4135835
5044694
1708969
4002526
8807620
5685379
6076363
5636732
3776850
7243987
7995288
8226940
2650280
3106964
9290688
3085305
6253272
7283230
3366085
9120156
6989063
8267017
800231
6643859
6662282
91981
2998142
8043175
2829912
4832904
8699210
9482099
2393950
408179
3484626
1201571
8609911
2077341
9354655
4903113
9321328
7349943
3130053
4487960
456908
4937093
7573265
9226532
2220323
3455703
8346688
9209387
1722720
1663271
8369598
901354
1755252
3884092
8944529
4585164
1233349
160091
6583616
3627299
3084623
68242
7345222
1694534
2145583
6699878
9113999
1466912
6566173
4760404
8471224
7023081
9697497
6044490
8765965
1917821
2016545
7112653
3643560
3739265
8775925
4529510
7156971
531177
8413603
8617853
7632694
9646952
8777944
4216310
5790603
1862567
4284552
3135826
6073453
8946487
2352056
5187452
2929751
8918229
9947856
1400976
5941311
9645354
7445466
4707276
4079527
1978363
4336282
7723087
8233980
3112207
2252597
5390951
6159736
3182552
4008804
6308782
2829504
5303101
525092
8620108
7165668
7325996
4272286
3239122
6272484
6624342
942926
1718587
5542571
890783
3119563
4000234
3052489
3081381
8707511
7132016
5059744
5560145
7371455
3293724
1188704
9624052
1201028
7348440
5322957
5209832
3657223
668813
512933
6698667
1805273
194954
6541016
6077559
5950428
5329852
2701901
6893354
7048439
760825
300489
168003
4761059
3352978
5765736
5984922
3001346
825481
1545067
372801
4119205
2733771
2513206
7836585
2598564
7836163
3046418
8772139
8504976
6075703
7987158
310250
8787009
4528174
8904161
4737437
2374378
4122415
4147144
9422818
4883240
6963985
2107173
9644299
2833316
7872909
8145574
5834662
1214742
2206993
6207464
7850300
4940765
1237022
5686885
55681
9073185
1249655
1344172
94513
7325359
9331330
2921115
8628720
6375857
4341629
5882510
8750235
8464044
2546006
689405
3347284
9509991
2796578
5507935
2343307
3185840
3653509
694322
4400582
5860503
6901786
4767234
3317620
655160
454120
5889653
2244697
1703775
7233825
4855562
1545486
6565155
7776678
174207
5457364
2118307
8573069
4207600
582351
1119075
4897005
6445987
3145418
209936
1953922
5488726
3395776
8123784
6183048
312710
3984287
5601186
5079945
9818259
8772698
5534065
5707912
1017395
9754192
5458089
5872957
1299679
4539596
6165987
3990238
9996961
800646
2563307
4204561
3899349
6198734
1617918
345336
9344152
1827854
4815611
7349230
7739982
2939395
3532278
8052693
9440034
1649816
3132638
9258293
422514
1183055
7482557
3956261
937247
2940646
9829219
2236926
9996594
5995206
8743516
9993555
6795853
3823175
6714468
695202
21909
8332387
3556891
9366062
2676593
8372502
6715292
416576
1311897
2763923
8469269
3268283
6930091
1601907
5042928
9868958
5301314
2525485
3825219
6238561
7982483
6170790
991840
7979077
4682349
9735356
488985
3994554
3558532
7203453
7206108
3580441
8052192
762999
5462855
728786
1651853
4694500
1145362
5480102
9974775
2130983
8748385
9421218
6249242
3791313
9290176
1550556
8833150
5631748
7789117
6815633
1802538
8780957
7311063
9001239
8516314
316400
2995793
4591198
7519853
201902
8171639
8088398
3481253
6150847
1333536
5133107
845347
2478898
613209
3336474
7126233
9361595
2757692
3375475
3152908
4564221
7442383
1986059
195969
5231500
1318044
4514859
6528810
1145459
3516099
7561476
1461859
6511892
2152674
1498065
9230146
2840665
9586463
2711400
1507864
919999
360859
4869563
5915249
974068
8206037
5557834
2852015
3480082
8933309
6004924
8044303
8892044
507335
8240272
4123544
4341731
5271483
3168706
8003543
8787582
3246534
9465402
7815827
5399208
3479819
9562325
756226
3066282
2273725
4780442
6502633
2634584
9650006
4934234
6125005
372395
492068
8977020
3852477
1941729
7498296
1896780
833773
521983
137052
7473670
4863715
7924888
642376
5383610
6712470
3888911
4849012
7044649
1804471
8328832
6606975
5077049
3911466
1397052
9857492
2930452
4031637
2023850
7864686
2672994
2396245
8356755
1650014
6248723
2814836
9148311
8145503
3648610
2186646
798908
1122280
9566713
8723796
4281008
4950323
7952618
686271
9799336
4997268
2490743
644520
1604243
84144
7072338
5517647
9941636
2790
2065636
4481838
383829
4738630
6878084
1256936
6388645
3126807
4071772
8053308
3788662
7720382
239954
4587570
1359014
9806668
5827718
5640023
4756991
3780337
6326294
7072679
1293957
1333389
233551
5414552
1417534
7305890
932199
3875522
9825032
2997836
8357361
208861
7736466
7751797
1465797
6641463
878604
8053922
7211123
7183618
5774304
7451078
1771189
9649671
9774098
115259
7806046
7047441
6411948
4132340
4120121
7705905
7982082
6870024
3120457
1915968
4175914
6569009
8307842
6517299
2083197
9181555
9242512
2336015
6933352
708310
8977479
328308
1278584
6188602
7511927
9569240
6156032
1799468
9218911
8446482
1914727
7024957
5493924
8326676
3673650
9614045
8548933
4172084
6484069
4185743
6088052
3176336
754752
6912246
2209987
5354301
6093802
1452499
7690316
3027154
4677161
6667795
5871815
5955745
5372750
3383742
5524986
4045134
5183210
7260249
2491617
9614289
4285207
7985541
457317
475209
115938
9006251
4647293
9116359
3191994
735345
4809047
6463098
7647591
7019034
1817399
6257745
987886
9507715
1801252
5665047
8691863
7673067
4137145
6580965
1056809
2178483
3142451
8756371
9438732
5634068
8370660
3723939
6135961
8827978
4199148
8768251
350581
1362793
7884611
3542575
2098138
2693658
2522025
2262082
2229045
6855776
1036179
3216931
6363491
2837431
1398330
7571706
510498
5535475
6669023
4083659
7713958
9811475
2840030
9669043
7961895
3727043
3392982
6614209
5071373
108483
5382460
5421954
1471276
3267071
1480881
6085767
8477082
4002906
864201
3222479
858682
1900380
6439410
9738525
4737812
354092
9826584
5248310
8405920
9011959
9331970
6119878
8823434
4688352
5788921
9301682
8415395
1698256
8432243
3486768
4323091
3814703
1425074
5794367
9598127
2905955
4396486
591561
6908861
5260687
3814040
283895
7161068
2769802
2538773
4415232
3123894
4881709
9663542
1529814
3893668
1511864
166045
2717103
8716569
8471318
4535137
7131964
169574
2967380
3135085
4492665
9298435
4560159
2803385
8896562
7466115
7199871
9488123
6891328
4976911
5818515
9691576
4654331
8588317
2230349
9069563
1712212
7112058
1249457
3242026
1005726
2761322
3408071
6239181
1477891
4395742
3290670
1126207
4565316
6258050
6777644
1574334
8072838
1337804
6894071
6969400
1320271
6610294
8973876
8211599
1587205
4792391
419527
6241536
3380709
2649876
5311099
7609273
2278286
6560557
3367651
5800365
1838231
9292075
4555898
5832474
3687817
7846569
9475033
8253133
6620971
6252678
2343819
4693809
106834
9237890
4179562
1427105
5848185
5669790
2155056
9951742
462181
2574584
8709631
6359242
7740812
4020730
6484867
2535451
3097639
9852519
8335816
7452222
9144594
2891714
5801048
2832411
3254635
7792434
1085544
2391959
4045112
5945716
7085768
4151946
7699958
3781682
8095403
3548143
9451472
250459
6016238
2430006
5341395
4725869
8789248
3082208
1262951
5274116
5617659
6876943
5126635
6469827
6845517
6787581
1877893
2646566
9619992
5132529
439000
3221888
40840
7000464
9167604
7126608
3668762
6867563
3424643
1764165
2932058
2876115
4530976
8948296
5306121
9872372
6190517
6611722
2954580
7453469
4402190
1088591
6846764
2045177
74770
3692281
8832758
1952663
8855199
8452750
9601544
1810551
1674638
9642384
1327367
842243
9285345
4996129
7709806
2709988
9276646
641864
5586103
3807623
2106513
3408577
3679995
8297030
20299
9150927
8266851
4422489
2755870
7629967
6467666
2830640
1322249
5300424
4783303
2693800
6269526
4384848
7020704
7944164
6543584
8348071
8786407
5828929
3344201
9012565
8538917
2620847
2170782
6641373
8944822
4277295
2566302
2624817
5090677
2586601
4292096
5873881
9525442
7047966
3503848
8509460
9878606
7342449
6326236
7178262
36250
2595762
1563110
7056954
3056278
623046
7921377
1842686
6451976
3781930
3371603
7507245
8919130
5542385
4148618
7863952
2336032
6714920
3005122
9943062
1817873
7297218
5816943
3859667
4345185
1837143
4885479
6740143
9179593
3728067
3918405
1732195
8840181
7997867
1305501
1896460
8620914
9226878
3739146
5072890
5525161
9627101
5096487
4444291
5169487
9245106
2308243
7505519
8476378
5313365
9964933
2810604
5126936
5781876
6670271
1988473
135372
4072103
8728616
9314965
7800170
5163374
3563512
6640352
5677593
4869013
8536812
4298507
6612243
4792310
1887749
2137404
4419411
6984237
6581695
2105250
8745695
1406291
9610770
7222073
9236008
2092055
2549029
4362944
7873932
1735653
6351417
8009304
5807756
7596386
9840621
6124278
5276112
3404133
2764630
953705
789498
3817794
5252213
9918093
1126456
9656314
4571850
5545868
6640551
3669897
167470
7902598
5076188
2294592
5124672
4312197
4386648
190053
1191493
2260580
1925706
59263
2786236
7733462
7655649
5143209
6374093
5448113
1063694
1655075
6401818
4369544
5472870
4170383
4287637
6599326
3826698
8859487
4661546
2983601
2529385
4829017
886200
121925
7123609
8527224
4434122
1510257
8717277
8141968
6287189
642984
8201231
1589777
892798
8373232
9249338
7266891
3821345
313032
8921967
2739515
4682576
6911189
6909899
1486566
6026867
3252949
346053
3204766
6236550
5391790
550135
7122750
5513716
190096
8166326
2464190
4216706
6883604
606158
503895
42940
8807389
4610025
935738
9696973
3859363
718982
3518318
6688748
2157301
6257834
1371324
9068490
5684085
2857890
7611709
8937034
5720296
816475
5173584
1112086
1366610
4812687
9142154
1556707
2979013
1606345
8289765
2378969
4728855
1310012
2421909
3536245
5920037
5874000
5749570
2295753
9109334
9267889
8984501
3782987
8042075
2872177
5367829
3726160
8246420
2979538
2663194
3966716
6312366
353130
7595154
7678976
7682169
9253661
1752035
661183
860006
41800
5556504
5588861
1351813
494766
1641458
9788202
6368766
7391029
2083955
7994452
9175270
3584808
1777439
9733697
6456986
7145268
3459857
4703406
124806
8639403
1186474
6437172
1508885
1297980
6632501
9191055
551641
900888
2368590
1411647
3459041
7925094
9516861
7327206
8419860
3674671
7115408
7304978
3582052
1715716
5299430
5273674
5300524
9593221
5007371
4273862
6738489
983580
1493620
9379648
2139335
5196446
8333172
3648221
6494427
7482025
5355628
7046068
899266
7724218
974068
4358307
8165664
3007281
1685513
6585525
9198304
1317273
6406855
2780357
5549341
4222638
570383
3366218
3815859
5577755
7640080
3070701
9077687
1650053
4966701
1217023
6846499
5816225
7381596
5857278
3298251
2737224
2903347
4197517
461442
6393767
1072176
8627106
1917400
5274041
7728983
1115704
6591314
4135839
6412413
2140656
874829
6982797
5506874
4690688
2560552
5663306
277741
1638239
7313359
5244442
5371614
6676211
1060668
2753210
2533489
6875271
8006786
7953188
3589140
984580
4346955
4661316
2128039
6264355
9935357
2373374
7380060
9043023
9025565
3792473
1183679
9900394
3291622
9206905
4591083
5852174
4870212
7385176
6766
4699923
5145971
7894732
1376134
6206639
3164295
6425976
5598262
1171081
4379164
9187402
4672014
8726120
6365070
6800053
7506827
6300427
9173427
7403239
7859802
8198993
3712065
1559834
8099387
7003687
766739
5206822
2855862
8153303
2591999
5378980
2853227
7737970
5790064
6745713
6460961
8954359
3171689
4575575
2641793
7550854
3762977
7313807
8793326
2644399
4113860
8816505
1461178
3287287
6219745
9320980
4002632
9931810
880814
2102020
6935497
1647554
9825194
2307711
2317209
4933545
203043
7686788
5187867
5993108
4432502
4165180
7463819
120543
8740755
105612
187749
5020084
7419419
1497427
7664483
1533279
313933
9125661
7336919
6533678
8446642
1339551
8981840
1843808
5957923
5917337
3491362
5783118
741401
8324924
716663
3460796
6011712
8420883
9453904
2960566
2586063
6917724
3081110
1326819
7023336
5785211
8863255
4442756
7282639
6527739
8492387
7596572
8169752
5829306
6646602
9132746
9685210
5628442
976555
5643133
4062131
6984269
3942603
4803532
5309193
7175619
8264329
1320906
5596502
234585
4281472
8182565
9668661
9878934
2025736
9208350
5664146
888992
6167458
2946785
9933083
4659845
3059709
619187
3005504
9706311
9751934
2690714
5334753
3244841
850199
9396884
229110
4792803
6716769
8054656
4484774
7497450
1891914
81276
7732035
6173386
780193
9917049
8568673
5322282
9125399
4232819
8727626
5292857
9695956
1177061
2469054
2755665
1796248
7990910
2461976
1548182
3197976
313081
7309375
