0
1
2
3
4
5
6
7
8
9
10
11
12
13
14
15
16
17
18
19
20
21
22
23
24
25
26
27
28
29
30
31
32
33
34
35
36
37
38
39
40
41
42
43
44
45
46
47
48
49
50
51
52
53
54
55
56
57
58
59
60
61
62
63
64
65
66
67
68
69
70
71
72
73
74
75
76
77
78
79
80
81
82
83
84
85
86
87
88
89
90
91
92
93
94
95
96
97
98
99
100
101
102
103
104
105
106
107
108
109
110
111
112
113
114
115
116
117
118
119
120
121
122
123
124
125
126
127
128
129
130
131
132
133
134
135
136
137
138
139
140
141
142
143
144
145
146
147
148
149
150
151
152
153
154
155
156
157
158
159
160
161
162
163
164
165
166
167
168
169
170
171
172
173
174
175
176
177
178
179
180
181
182
183
184
185
186
187
188
189
190
191
192
193
194
195
196
197
198
199
200
201
202
203
204
205
206
207
208
209
210
211
212
213
214
215
216
217
218
219
220
221
222
223
224
225
226
227
228
229
230
231
232
233
234
235
236
237
238
239
240
241
242
243
244
245
246
247
248
249
250
251
252
253
254
255
256
257
258
259
260
261
262
263
264
265
266
267
268
269
270
271
272
273
274
275
276
277
278
279
280
281
282
283
284
285
286
287
288
289
290
291
292
293
294
295
296
297
298
299
300
301
302
303
304
305
306
307
308
309
310
311
312
313
314
315
316
317
318
319
320
321
322
323
324
325
326
327
328
329
330
331
332
333
334
335
336
337
338
339
340
341
342
343
344
345
346
347
348
349
350
351
352
353
354
355
356
357
358
359
360
361
362
363
364
365
366
367
368
369
370
371
372
373
374
375
376
377
378
379
380
381
382
383
384
385
386
387
388
389
390
391
392
393
394
395
396
397
398
399
400
401
402
403
404
405
406
407
408
409
410
411
412
413
414
415
416
417
418
419
420
421
422
423
424
425
426
427
428
429
430
431
432
433
434
435
436
437
438
439
440
441
442
443
444
445
446
447
448
449
450
451
452
453
454
455
456
457
458
459
460
461
462
463
464
465
466
467
468
469
470
471
472
473
474
475
476
477
478
479
480
481
482
483
484
485
486
487
488
489
490
491
492
493
494
495
496
497
498
499
2183842
2162115
238375
1763517
6949710
3572284
37554
7809686
945382
72554
1656592
9491853
5901331
2141056
3592614
9877837
6448124
6479424
3966186
1921395
9355003
8009522
2545203
732293
9976033
9709895
6978424
1564771
7086167
6101583
5938209
1786362
780050
6176585
3549879
7729761
2265221
3587433
8055799
5726955
3659987
9712391
7735161
2077670
4369799
1327775
1955507
817924
7807199
8438045
5255671
9678554
6447567
7800874
410847
8939952
27121
9905624
3021075
7113289
8523559
8959285
8899651
9303609
7652222
4965882
9549722
2433795
8553315
7605522
8160750
4729654
9834265
5895911
6807324
4204065
7223686
1279183
7538341
7547237
2233580
2794012
7225792
8681147
3111239
152991
137452
3138360
2574967
3158527
251649
1098526
4634164
1667652
2918488
2286386
6633534
2468210
4720181
5186849
2590084
5397284
2432855
2424350
1293195
1756531
6628415
1033234
3035714
4166756
8580471
5269294
9477120
8322615
6466794
2588359
991959
6604246
5726720
3566926
2279125
5978369
7181805
6913290
162374
2616645
1716028
6795908
7601207
8952562
4499110
191292
4349846
6931965
2615642
8159393
8688497
1760409
9192627
1724211
8443517
7773099
9509858
7920637
8612066
5976652
508997
9604025
5097250
6235717
5687304
7376375
4730438
5385461
4289665
4892812
8002106
6005694
4205073
5603313
4958256
8704183
5794605
1824454
5636148
8410247
9983847
6840997
170656
9176475
1081561
8614173
9465926
591419
9051163
8077992
9084423
9560160
198370
4181673
8312229
5885674
4074400
3042667
1271135
880418
451832
9273241
6886112
4656905
7392906
4360720
5877440
3187512
8701526
1513588
4114111
8685373
870938
6801120
7861848
1952499
7931645
9844126
5060270
6982808
7922119
6661045
6542968
8120489
842718
7371549
6522515
7433470
2930569
310002
8313888
3382401
9583243
7716352
555658
9492501
2077072
6433098
2680013
3294950
463038
6794125
1980324
1333976
3595245
2358524
5802827
4043242
2202651
863097
1026051
2641122
40494
85371
3277963
883212
7456921
2316830
833035
387490
2626832
9146923
6286243
4726427
6863276
6841901
4218928
1456700
3274999
6898942
4751651
6254389
6209419
9248327
104718
2321016
1606851
5907545
6364258
6325854
9286995
7390309
8966976
9327489
7475681
4761291
2727054
7448954
7078121
3560089
7836444
9704953
5223364
4122687
4431380
2086640
3480940
8650309
6059693
9272291
8065603
811344
5526680
4275022
59671
5631398
6596038
4182874
1538944
5476648
508729
3342291
2866958
1992057
2669780
2858991
6753349
7913186
307945
6347822
3989627
8144389
6052776
9212992
4783428
3000508
1299632
8264368
4167169
9875677
53011
2232772
687021
5579691
9024146
3263044
1211090
8136536
7445919
5266386
3613185
471000
8608677
6480143
2463057
3794809
9339134
1732758
4224348
2163431
8080581
8213975
2824172
4133357
7426967
7607600
9650217
1242952
8388320
3817387
1118629
8441331
6050159
4322003
6537374
7590658
7585047
7748464
5727194
7547318
5531202
9340379
8018318
6656231
5820522
2997728
2967393
7676008
4730486
7191741
2355791
5327419
5405716
5179963
1977128
5349036
5303915
1627346
6591988
6208587
5444733
226969
7166270
4011244
4548972
3703645
1601902
4650372
3968461
7329097
2197690
9499664
9185828
2732361
6155895
5006351
5730089
1639640
5198711
2976927
8831381
7554503
8304347
6753450
5250818
281475
2102486
554734
1908821
1210826
6763321
9869906
3954147
3929592
3881151
8503120
7633237
7999405
3153492
1601698
5328502
7867534
3617714
4514331
599895
2289962
2037034
8846336
3929602
9752097
1823264
5277336
9822952
127611
2030786
5073771
409086
6649624
5628505
4834260
7860450
4908178
4704166
1814597
8837770
1101669
2834069
8987359
9101075
8503913
3105410
6945929
8887800
6723124
3976612
9487695
1529438
8529998
850384
7975393
798448
2673648
3252729
621400
5317611
5283515
8211523
8243049
4449491
6356380
3077309
4826293
1264559
297828
9157242
2618681
1399497
1991312
4122393
3016924
3011577
7227803
9962854
1899377
6467279
6455818
3903425
513070
4985817
4753809
8488463
8300617
9943809
1741192
1438369
5261420
9541059
9649893
3504469
3990550
6006273
6581779
1333195
9787184
