59
37
18
8
1
11
33
79
66
39
8
97
57
33
67
26
94
30
95
3
74
65
23
33
58
45
35
83
24
30
20
35
20
90
43
21
1
28
0
19
67
61
68
77
94
36
55
41
18
51
44
93
16
20
78
74
65
66
9
41
48
29
76
68
71
71
90
24
0
42
43
19
3
12
96
50
0
52
91
70
55
87
63
71
59
94
97
24
12
6
17
60
88
45
29
59
17
19
36
69
13
79
88
17
43
85
67
95
89
10
66
44
97
81
67
9
75
64
85
87
22
3
0
62
48
29
74
17
0
10
38
13
41
27
30
85
64
49
80
5
11
98
49
61
80
68
70
55
32
55
95
6
58
95
69
59
76
95
28
76
5
67
89
46
46
72
83
10
73
16
67
85
14
68
46
94
36
16
2
20
71
97
26
82
44
47
93
20
42
73
96
99
40
37
46
38
61
81
0
35
97
67
72
12
35
18
58
23
86
60
43
9
9
70
91
5
17
36
25
12
10
73
11
2
63
9
41
24
91
41
11
40
61
83
52
96
1
63
20
39
75
15
49
85
85
92
90
55
29
68
19
91
41
30
93
56
40
34
81
83
28
92
23
89
28
28
37
81
91
9
21
66
25
70
3
62
62
46
17
43
14
36
34
7
19
28
64
11
14
97
94
42
41
17
83
69
45
21
51
36
30
24
55
55
94
10
18
8
56
87
52
22
76
38
82
47
66
98
58
33
95
52
75
88
69
11
58
67
32
61
3
14
85
10
22
31
21
92
39
29
31
43
52
7
82
34
54
0
32
64
33
79
16
61
67
38
72
77
5
4
90
60
70
75
71
92
58
44
84
98
73
16
93
25
75
75
11
82
76
95
46
61
74
15
22
94
53
94
71
10
50
62
70
21
89
93
13
48
37
50
98
11
18
43
88
93
71
0
27
99
47
26
60
22
41
83
68
46
77
39
56
80
53
78
1
95
72
14
95
9
64
45
72
82
88
61
28
59
13
55
58
60
81
71
34
74
54
2
20
83
94
28
63
99
7
16
94
79
31
89
40
47
34
13
82
75
26
10
86
91
17
97
51
51
68
38
25
74
92
98
9
86
26
25
86
85
41
80
16
24
22
57
72
8
22
6
83
0
16
70
91
85
67
94
36
35
32
14
61
25
64
70
63
42
95
49
28
89
82
96
13
56
5
37
64
27
43
48
79
11
70
70
97
37
65
85
24
97
51
37
74
15
7
38
58
55
39
38
96
73
34
9
29
40
47
94
19
42
94
99
54
64
69
3
53
86
40
29
84
44
66
10
59
25
0
69
32
40
59
28
13
94
90
95
86
89
89
5
31
35
56
37
51
78
40
4
64
33
85
48
77
51
11
88
28
11
10
61
51
69
89
17
15
31
64
1
20
5
59
52
40
15
89
91
93
82
47
58
67
32
58
44
35
21
84
15
33
94
76
36
16
18
5
31
49
69
33
70
74
92
74
14
59
15
57
5
49
4
63
16
88
73
12
75
95
97
91
28
43
67
16
59
37
22
91
39
43
24
9
18
68
35
84
79
50
42
84
0
98
99
16
39
73
81
14
20
78
5
0
21
25
16
33
62
90
24
1
34
0
62
4
20
49
88
99
0
30
36
52
81
35
20
20
60
1
34
80
79
92
32
53
17
49
86
31
91
62
33
77
62
47
81
34
97
70
33
49
52
21
1
33
57
21
53
69
75
40
2
6
32
34
59
1
35
97
32
27
11
17
4
25
65
86
59
14
8
45
63
60
66
16
94
75
89
99
45
64
91
47
23
23
33
34
24
69
32
9
96
95
26
52
21
91
90
80
57
98
25
20
59
44
88
5
19
78
56
16
94
48
15
17
23
49
52
0
18
36
9
66
31
35
18
4
27
61
85
36
59
62
9
70
6
97
27
78
27
84
94
74
32
10
43
55
11
95
55
29
83
64
95
67
52
65
71
31
78
8
67
90
71
76
60
29
26
88
59
53
24
6
79
56
68
23
63
79
70
71
8
54
87
55
73
39
72
44
70
51
5
38
41
28
66
1
57
92
41
69
46
65
75
25
73
43
0
89
22
71
60
82
77
47
37
50
39
9
46
61
12
51
99
53
31
18
7
89
10
0
58
8
66
85
86
91
28
86
80
2
57
92
84
86
92
73
36
31
34
35
92
47
38
44
0
70
62
59
11
24
60
21
33
78
6
71
69
86
57
2
88
67
94
24
5
86
97
42
69
83
29
14
30
67
58
83
89
72
42
0
48
2
21
