7755306
3572949
9617307
4085522
5620177
4719466
2766400
5118020
3889297
8566345
9581653
3382621
1387631
7976136
7950441
9531734
8640526
1083180
484596
6592766
5513754
3749583
1623035
7210436
9641154
9185580
7885588
3783383
6891488
3101280
1366584
7163146
6674230
3500243
1248668
4810759
8219710
6531420
9928780
4625359
5097765
9510433
8007981
9001748
7486569
5958422
8533482
8643448
7041602
1534430
5236214
5071708
7800365
9375601
2282144
7441519
8561182
2684084
1224902
5452670
5785365
5107838
5132168
2459595
8608082
6380836
9786706
6827792
5428608
9715486
3969503
3042725
9225920
1977484
2044473
9228841
452258
3094307
7872289
10212
4628737
5624855
7598273
4945454
5000457
2396769
2386973
6077991
5080854
6128227
4047013
866219
3752417
9179181
5842166
2360499
8076369
5628872
1704643
3504977
