8821730
9143919
776084
4815126
1237415
9095721
5180622
7726564
3486621
8006556
1152144
1664067
600593
1678006
2451992
120177
6118876
5661002
4317613
4102911
1999565
7263673
9333809
8997781
2537600
4464799
6010864
9865081
2110572
8467222
2631098
3448655
127493
3407182
8263781
1364908
5019255
3444403
1607825
1022229
3967311
2759969
2686296
4567905
6954327
7654640
7204434
3073204
3315642
1522047
9692467
7831560
1302073
1542628
6829341
3839673
6007427
2840205
6221107
634352
3823779
8852205
6599359
3951273
4775739
4863140
5316181
9794994
823895
6924006
817223
4791206
2200327
6019872
1875463
9154655
3674512
9079898
4744211
9506507
3118297
4436678
9854419
4420370
8495658
6683760
8260044
4503086
2040317
4481151
7653790
5864096
5849708
4253149
9815369
625447
1632641
5131551
2936793
2456536
4571909
6270369
9764094
9288589
4806593
4155910
8443244
997457
3235808
5703807
503964
8870457
140485
358383
3290828
1152495
9558495
4067224
5655581
1598812
1064727
5825723
7462909
6914435
2595224
9794630
56234
4227865
7442533
5509379
9200753
2014443
1779748
1481200
1303032
6586341
5637110
2262628
100151
1389270
7966435
3120467
259727
623272
3478851
6066907
1775767
5553698
134131
9947701
9668863
1198858
8289776
9648124
8113293
885001
9442754
685879
7629218
6885288
6195259
9346324
1416083
491359
827524
5235467
9594053
6464634
7498095
9694204
370256
7980882
2814671
629983
1120506
8809874
6696891
5412625
4363573
6831022
5360326
4032436
546233
6166455
3680560
1175878
9567808
5639666
1861758
7197026
2524954
8057017
9059702
3941037
1064728
9887226
9176504
658781
8868212
9190951
352985
9238468
7171833
5684009
2384804
808691
4493883
9081695
6221317
1373808
8429069
4097995
7922596
8975302
264450
4119508
151181
9832258
9759175
4529291
9545637
2284129
5102660
8605339
8741519
6167388
1008918
7918023
6826170
9877130
9625327
9695507
1631951
9313512
5379516
4016755
122204
2389752
5614802
6343521
3763560
4043871
441516
1686157
5535526
3222319
5805665
8203059
3054577
8081192
5248702
2600214
365322
351362
3721906
1623193
6518750
4730824
2057568
5861272
7124306
1682895
8073132
8756257
996408
3452648
2773012
1118612
5842400
8387814
9978485
2122313
4948038
2936353
3808470
2999916
6158672
2130487
3719327
9213250
211680
8968029
4329816
3093354
1835743
568074
7232899
870845
5298898
9290467
6732118
2423205
973363
4805250
1179462
4486123
774250
6468827
8121087
9133003
7372993
8099572
1255316
4837383
1035925
7580138
353651
7194598
2226977
4072978
8924200
4955009
5557359
5770368
564715
7393102
6338443
7797614
8263948
1637341
7088082
7512418
6576898
577797
2317668
272713
7580272
5608270
6741540
5701359
7257625
6630885
6317283
8512941
1468269
9869560
8609431
1821920
9580510
836409
8411251
1021062
8307770
3968610
6791431
8872486
3878065
3129874
6670100
2142013
7283567
3758182
9654431
6376818
6852331
4488451
6649531
4432603
96721
5907423
2650314
7354347
5054660
8967597
8383640
6522929
8837158
9509424
861202
934020
2862185
1788805
1955083
1169955
5757415
8746514
42441
9635480
4392740
6712542
4293845
4192659
2987076
3948276
569477
9839408
953079
9735360
6788363
3566153
8159135
9438678
920500
3213796
922627
1820492
2253077
2276137
3846268
3114279
3210158
6708453
7419436
5165241
7878409
3176852
6428107
437202
5328684
3337199
7149744
2138882
7529858
2653173
8603510
615688
5008933
9556590
2867400
1797296
3122743
1026536
3752326
6559595
4240332
4674954
896439
6493409
6951091
4742708
2124041
2677601
1451161
9543477
359194
1845922
5236681
6787301
2283125
3081718
124500
1949221
5220600
170711
4602394
3824110
786399
2127679
5897052
3653799
3924976
9019795
7196687
193654
5579390
1437019
4868608
6475830
446781
4336052
1218538
5087174
9530005
5186051
7147003
9889200
9548326
2383685
6676501
4347803
7981755
9317354
8813376
5718707
9488065
5932123
9542817
2790816
8059802
7956222
8960967
1984778
6976017
6157655
4694785
2555408
111026
9563393
1547590
3074159
6415797
5282480
8161333
5945803
468531
5308337
5835003
2533209
208374
5027856
6881012
8190129
6861562
5694389
3908836
6349627
1626512
5968005
1656795
9686314
3924227
617763
4187445
900245
9291770
8882230
5972005
9402796
961975
35947
2476956
9894125
5318427
3154641
5839928
5786958
979330
4191283
836520
1187704
1735491
7717532
9377833
8597054
5928273
5803021
7463033
71137
4287379
1636181
2273804
8211606
2253944
6461249
1628203
1545714
7859831
116560
3464862
1338158
152507
8458170
1232283
5470934
1612812
9588563
3774245
2592142
6296198
4610765
3779847
548042
4844649
5674032
1661448
3289275
3993406
9124481
3360412
8280785
3277014
5634216
9008743
5530958
4611817
3153299
9593024
4988000
5786211
5574239
6326159
5938719
4032409
74794
3926005
5645221
2179710
216602
753716
8475908
7343719
7049915
1540302
4704721
2723947
3201750
7993996
9233705
4842584
1354408
30842
8119598
6988625
9039586
6166909
1600442
4709237
5759933
6588443
495448
3850524
5430954
8950519
7882934
8022100
5392877
6044507
201810
8125831
6798223
1194071
5469551
3848138
2734373
174272
9088438
5936124
8168268
8322143
778708
2039028
869338
8898306
9027653
2425276
7581567
3144448
7134513
3341501
2249243
146313
9708377
7680197
1613185
7591311
8218649
7006062
3635819
8420460
5131893
2950394
9614531
3117796
6798533
4865256
3292068
8403323
801380
3976688
6725466
4096440
6015717
111156
5511099
7559722
2536432
3092666
3220522
9670945
8950519
5469765
2333611
8658897
5666314
3946796
6250208
3884964
952858
2402379
2305424
8601103
5352774
4436307
1718900
2151307
9301563
7527320
554630
2619296
4020361
9796448
6715736
2552430
2423957
2226835
112152
4960389
5319502
3332675
4631335
4270021
1318792
6964946
5445270
6985107
3428094
1695479
3386423
4380952
6614210
5691847
5498407
1966984
2644506
7217307
6634643
1946069
7260980
9705625
7081717
1281341
2018426
3797454
3833771
4442383
8540641
6462275
9402772
3860143
2311302
6550459
646517
3630095
6031757
8608139
3131554
9459851
2819970
6517977
6357155
9434181
4726176
1855563
3917517
7370682
1589222
552161
1833103
1366554
2774138
8914821
5164247
7308916
2712275
1514370
1751299
1252916
7976646
3670424
7629412
2804300
2737235
792281
6434395
8768993
9400420
9565949
745196
2220391
6083926
9618704
1654572
810102
3990619
8088441
697136
5579841
8640602
2530240
9462748
3931093
1445061
4626995
1240009
6673688
6141366
5507661
442956
6634364
1694437
588720
9438664
4431672
1381001
8389412
5717017
3297774
7955361
6462214
8034517
6555640
8597270
2205441
9882094
2587889
293882
579231
684082
1450837
5625823
146830
5381930
9587236
7290178
9138291
6260924
3431544
4645952
9220232
2582260
6340389
9808953
2020924
772062
3706306
410336
9005431
7004080
882050
7983997
7554949
9954042
6581267
9760390
9836136
9169156
54273
2931719
9853239
1505110
1073894
2516421
6887040
661130
9806599
6025331
9438406
5754495
3187636
1174991
8336755
9528025
983944
2874032
2816439
7206602
5800720
4338223
6727035
6682770
2322220
4281984
9153164
8903488
4042375
8989301
8072644
4096648
4437372
442235
5601758
5511267
2958657
5005150
8688749
2765256
3546833
643508
8519752
6734469
1818499
6856507
8778847
2802443
9730539
4111638
2525397
5531260
8449861
9252432
4730382
772082
6050769
3883547
2191922
93144
5389200
264566
6706144
2342924
706802
4824254
370543
3665459
2345756
9059293
8947067
5892589
2219153
7466819
5143411
4037652
6839679
6438610
9356447
6570218
3066600
1881844
4617830
4032814
3650629
1864565
4804896
9701398
8264464
9513170
9794542
3653664
9777736
9017038
8512940
3000890
3841292
8883484
9182701
6187048
459129
8129769
4595989
2678282
8112940
9739400
6715934
4952619
8694362
6072381
4039190
1760963
470577
8657020
5793777
4121206
3037937
3115025
3822604
1302401
2628195
6133498
7472417
4922283
7666888
5985358
7923174
1508180
7385194
9622227
211580
360675
7751996
4807570
3038957
5864937
7063322
2271243
3333908
5757685
859976
7373098
35000
1330553
8546471
5828777
7968112
1584408
1460154
4307068
2886810
4088349
2956919
359227
1526984
623807
8860937
1966510
4648340
6246131
1588738
7376272
6606806
1857086
