0
1
2
3
4
5
6
7
8
9
10
11
12
13
14
15
16
17
18
19
20
21
22
23
24
25
26
27
28
29
30
31
32
33
34
35
36
37
38
39
40
41
42
43
44
45
46
47
48
49
7860711
5674147
9064054
7086631
167983
1108527
8831824
3136594
4202834
9220466
3146806
1347923
4845321
3261431
6293377
2362130
5658201
1196702
956473
739055
9841281
5003486
1605274
3593698
6699019
9963792
8470550
4775388
8109016
175193
796717
5969727
8365692
9860771
5572710
1050028
3485650
4404535
4186622
204836
3625001
9849780
1552759
986674
3111212
362488
5865157
8769413
1559190
6821630
