8224233
3757980
3046727
6016904
9712702
9191965
6099314
594904
3104453
2511533
4511750
7785829
9367338
3792937
5400578
6659132
4828958
495862
1631761
7126972
9105944
816081
3133582
299727
2889970
8883006
8760122
8196371
8923255
1056724
8496244
7147488
7331057
1542972
5680745
9560111
3251289
1780059
155015
6355743
4291592
4666765
4141572
6175282
976054
9542151
2834415
8321365
2554365
4466176
5448337
1660309
7798609
1098272
4476389
688580
9981278
3236511
1401303
1420885
6809587
9897547
1084726
4140644
3956871
6765471
3700755
7208161
8545530
6372122
6080256
5353474
3555240
221828
1528756
7047646
2280331
6879523
5369011
7351048
3862052
817349
9011358
1660661
4431973
3487747
2349241
4413251
6724258
3750544
8350489
3533845
6164444
9435215
190842
121315
6200686
6407949
7329476
7262568
2780072
3409732
5132394
6335312
6147913
9177502
3382958
944596
6057026
1268322
8295645
9919078
4602023
9823355
1579739
9033996
3311102
6445333
5963599
2551712
2712229
4314088
8601909
8876673
3749303
8792751
8997989
2466341
7717053
8843817
9728909
497125
4769902
4861303
9348789
917815
4038806
5248099
4378763
95832
6516421
2674408
2531262
1118444
2497763
4111001
2668792
8325217
556334
8632392
3393281
3268564
5462832
1995191
4661589
9212136
3304294
3659578
1678477
1021347
5019748
3923739
4034824
9789650
1301394
3383613
3223817
5340200
1148065
7602580
7952384
180838
2793341
2999998
1299283
7807456
7111000
6484427
6132674
183686
7633171
2042307
5968602
3096004
4037498
630192
2308140
9858145
6806122
6502969
879492
1825870
2943060
7430669
4131872
4244455
814282
7355689
2101007
4478699
7474622
2569744
4659538
267963
5569742
8475173
8075419
2680742
4959600
6724445
5380781
2592772
8766753
1349383
5688776
5320603
4495927
513268
5178748
1302050
9532589
8574593
5644272
2475650
6005262
9776145
6720105
9335896
9648186
1337464
3814596
7122808
3907208
8474134
7390771
9476951
9465659
7982543
2157693
4425259
7223340
54826
9534383
5990093
3920562
7739511
3827049
8416489
8252779
9005797
9718539
301721
7580390
7879164
2777371
6102004
7655309
2013828
5437901
7303495
3351292
1768849
6942656
7258501
2759335
6849779
6735452
2224994
4832322
1409497
9166605
2055663
3980676
8700989
562108
7901238
6440500
4389157
6317727
7209632
5911307
8552619
27705
6008049
6431783
2805076
2110054
6603444
7335256
64307
6423291
3202900
4349508
3365947
2977753
7108843
215727
2229557
1850189
7564401
6155407
1016794
2136416
136083
2234135
2698525
8037321
8674636
9604034
4355048
8400620
8031693
5424019
8428325
4039743
4372154
3749753
8666149
975598
3601361
1246808
9915242
6804261
8112668
5797541
2298367
5221511
8529620
4527924
7071700
6094022
683331
604846
8230438
819414
2838982
3445315
1373087
4029970
5565702
8244488
2430590
6113747
3668507
3375267
2669842
8040662
9641372
3852343
1532612
3242733
5099151
1447854
2563346
3211819
9761748
4861713
949682
8291368
1905990
537734
4385390
5105673
1142581
5132181
8441440
3981563
1093848
9814527
527885
9175902
8059015
2958475
5289650
1727523
8850094
7959492
2284537
8491466
4328188
3817149
4250551
1943691
7781356
9330249
5155511
7543104
6708315
8621545
8350824
8614305
9159280
2736215
3719978
2818213
384748
2161418
9316128
3994948
4492298
9844013
5687203
2551313
5318840
976853
6795188
4168934
1452697
9079725
5176752
5780885
5413227
1943655
7724577
5710935
1273904
5396440
5770391
7982219
6534337
4121215
9112876
8209969
9373782
5349207
1028182
2274882
7510625
2860662
6269831
4519275
2704675
1957034
7070589
8023515
5450239
6382129
4708801
9419288
7978207
2401905
5200174
3391434
4345560
5441103
1618721
5619465
3353895
7389112
6118036
2404584
4026679
5230913
614554
3400462
580120
4159088
5675344
607097
7019751
4461527
5126373
9724426
6418561
4713314
264294
1868800
1095443
7489447
3804441
9073650
9891353
1520967
4981436
4236913
6962070
6600157
2372730
2832317
6505621
8490767
5236901
532301
6238032
8367807
6449115
6818152
2526896
2124459
7425249
2062999
6585987
5067974
1787425
5520900
9781288
4568071
9906053
876732
4573871
3710494
9950382
4465224
5231461
7448171
1218489
4709883
6564680
3591220
58552
3070302
4598339
5295453
6118955
836371
6179613
2568070
170875
8706509
7208881
112476
769508
6311220
5180451
5073285
1832121
7478091
2157709
4254526
8354823
6731580
7965020
821558
3713156
5712833
8269729
4931645
422716
7350761
1039217
481268
421063
8153908
8293073
9056370
1506631
6989038
4140792
1677506
5695547
1349674
1789983
8981407
177246
9486786
6571045
4525719
6964877
1245106
8780245
7836053
493038
9261617
1173963
4206194
7490802
1960044
9137839
429870
9310805
2693409
911138
9731869
847317
1720564
1304591
4870301
8709602
5445384
6547807
6921502
9311410
854142
8419261
9488656
340928
7506658
4014376
9822158
1268116
5310973
7658211
1761154
4572591
8832174
5967348
4579745
792218
7621540
5009616
2619375
2831301
8437106
4867596
6194970
157670
6172188
1065271
1383625
1617572
7613079
821479
3445334
983573
1757092
2933990
1324502
1780103
9464718
3663012
3048219
4775692
3837575
4809374
1864635
5186101
3293074
6444380
8494671
3430966
1453996
1114046
6262267
9891103
5981643
2457238
2565125
2153831
3522509
6465102
6287755
1135588
7286581
9733089
2119162
1560026
5183431
5960016
3340129
4648150
2139380
8904700
9423842
8493307
6230426
3804829
3679408
2039853
249209
2174079
5470819
1703206
5804477
1733087
4110661
4302472
4190325
6675786
6456303
229186
3140889
5260410
3881127
2943822
7509851
8516641
4503848
2693283
6993009
360329
7341433
9132389
1781382
9281627
7625696
8011808
3086456
3821456
51661
5852017
8511887
5522481
7555223
4316364
9771920
4182236
8618837
6478597
858023
7591492
6707783
6515264
5368255
588910
9459086
2878106
1621903
6479287
5571389
8614912
9355968
5429174
7747301
3653702
7227153
7889349
1665511
313609
1710805
4233524
8681979
222692
2272357
6237202
7055409
2044277
2935791
8190598
1039226
6310166
5782090
7747010
2825430
1150345
852272
4800868
6544804
2474176
3796507
4632545
1089088
5668828
61720
1352742
9322530
9805225
1758443
988041
118835
5985601
7737918
8800814
6208293
10275
7554368
5780054
4570905
3006511
3970652
5610131
9316677
9752743
3357141
2142107
3419440
6725766
9459328
9964244
9199942
3255835
7113142
2805382
8924663
7174862
6674476
8247194
6980087
8432920
1751587
9615274
4418521
9489505
932440
3143166
9499781
1003161
1439573
4070686
6526024
5410225
9680817
5842702
7679320
5554311
501161
3615113
2280077
9960489
6095709
3996371
3216325
3208851
9318105
4657340
2900065
5992582
2904534
2396505
6941854
4656122
2011779
3876727
6661979
5460572
7019893
6161760
8980085
8459466
2748798
5506109
6386044
4945968
1348811
4065364
500279
1849973
7680477
5296708
4326814
3776187
1809431
7543139
9501390
1127536
2200480
2401456
9636470
7621366
4797961
6578324
4793840
9326092
455051
1455820
4786664
9991297
7617580
6283101
967115
2882731
4305563
7353159
7828699
8170726
3934876
845330
2537051
4131705
6142038
6863866
424244
7951469
6923357
9925635
1595357
9123837
2327091
3748180
9261556
7125052
326504
4055396
6451144
3297908
5511216
3754161
5805557
3128797
2553614
9289024
8527880
6859177
6642184
6356579
5029904
3093412
7201909
83307
7225117
5860299
6947173
7649362
6328120
3870531
7574997
7923477
5510720
9902088
1671657
4772276
9543492
4514514
8827673
5994636
328774
4338889
2265149
8650683
9984038
4818764
7939707
8511918
1677941
7098243
7384849
9224197
191655
4586758
9307505
9933125
447057
6254678
7582487
6775177
2641561
7673836
7215007
8152282
7575924
1403016
2924558
7119416
8433882
4268583
5630404
1279008
1123825
7895554
9929691
3624215
2714318
385751
2136134
6908611
7483994
2037335
6132809
192002
6624094
5440314
125127
9587503
4211344
7707614
8879033
6852906
7897802
6094040
7521540
5473726
13408
2962450
5109494
8447291
7231034
3256250
2242651
8354859
1151804
2172343
4495426
6382474
2558094
6631560
3291086
2558440
8668896
9423895
2750442
7809342
7380561
2875569
7396845
1591905
3099535
8792230
961163
997337
7402622
8482703
8987415
7416031
1445154
6613261
8379674
1192540
9869512
622325
2063751
1021316
5311020
6559177
9920143
385466
5707090
3211229
2943907
6892338
5151476
5694349
4701680
2532037
1086271
4614877
6640294
4185806
3407108
117810
7699496
809730
8600513
6686911
742113
2562019
3300173
1638139
3754559
3169685
4776817
8334662
6707353
87837
4893840
6627496
473304
600930
9838725
3417211
9620
7506553
1627912
4711300
38590
2714183
1842529
9195237
6899990
7765989
1829399
4599486
1092072
429912
3802749
1834185
5508284
7102922
5988677
1779195
2788959
765494
113858
9496313
853331
7524050
8640161
3842987
641332
995239
9776550
650952
8501792
1404463
7878604
1056735
4118646
2237485
2768324
3534988
3475
4597723
650826
1095547
7543987
4453576
5446084
3052271
4072850
1434761
7347819
9378162
2200255
9978029
1390827
5569939
7502079
30988
1929278
659763
3542579
1705829
1310715
2044372
3110292
1705671
5617459
9745290
3943156
8385783
3280279
3946631
2983506
6447457
7558530
527493
3417385
3004615
6096117
6588
6955728
3443936
9384750
1672336
3421965
775577
7242275
3440396
3322917
9171553
4100159
6865497
3393734
5410874
8909869
6504026
9632897
4527328
8765669
3576053
5429463
4562300
39037
8412969
1009757
7597567
1456814
4427143
3118534
7552931
4433731
74263
3513219
6334833
4262951
6935184
7110410
4021578
375580
2949679
5709483
6992091
9815176
9103218
2402965
1241397
8123596
2035862
8285077
6889265
8128268
3714540
1451565
8167305
4643861
2461323
8281224
6100676
9404818
1399759
6169959
6354901
3990374
9683179
2689734
8253325
9134715
2316496
2274903
9510296
5266175
500738
9018739
5081352
9603956
1421705
8839101
7727553
5973919
7124179
4616818
6618539
3355071
8584736
4785844
7998933
3562411
3067069
4099609
2967229
6983180
269568
9322130
973554
2469099
2011864
1743231
1603815
6844712
6534486
3630463
2110887
7035224
2649202
9708591
6639181
6587259
8547693
6883086
2561179
5671872
4016256
9179718
1543295
2600992
6481915
9542228
6163403
2065336
6158189
1646984
9048516
8944110
969114
2538422
1413209
5497330
4281653
3017024
2342042
3332491
6647487
6969282
367715
9296690
6677873
9523248
5883949
5225566
6406334
961480
3413790
422591
2657551
4957086
5539935
1655818
4499314
1703339
3721154
657504
3350323
5286022
2117966
6835790
7824444
3531175
4849472
4622449
6548200
7191515
7954940
5712039
6677149
839007
7525081
3355022
362256
5925383
8580589
6768590
6886863
1994379
9707533
2060766
9467817
5247469
3716584
3967132
6950808
9954090
7140988
2817483
5240112
9258954
2169625
5580908
5306481
7019098
2719709
1854681
6726965
3191001
83073
3404114
4030009
7608154
6759136
6908617
3533537
7856077
6193559
2936753
9850457
5901093
7513871
1834626
1148562
1230456
8318110
615722
3700898
5459098
5949557
1457363
7234404
8119183
9554623
2540886
5138281
2274333
6911919
4381598
7981686
9511344
7785712
4528047
7119499
4544848
1436664
3169388
2400926
7630224
8622493
4767735
3531317
6136365
6602361
7196231
9883173
4920472
7811953
3584071
2895922
6277862
7557786
2646679
4397045
7112410
7703917
2051678
1903095
7132188
6433276
9884781
6643533
6735340
4412829
6279384
3796541
5849493
9448772
8713819
3479717
8071266
5997906
9527386
6723983
5116619
6723617
6607156
2553443
7051922
2707579
7965718
3329785
265366
612397
243182
7377776
832666
4811213
9280871
7964854
3760841
9165652
7124739
496182
3578481
3404123
6809075
1944327
5369248
5522894
7940396
5956866
1520800
7467783
2680849
6637419
6707752
9288005
1707215
3759675
4511936
9672933
9605812
4777302
285330
2365346
2155078
3634348
7176559
3952301
1599202
937401
5634306
8723942
3949935
1729139
4644417
759010
3673466
13665
6281904
1613863
8486883
319056
1597998
1167732
9472827
8305750
2972089
1180042
4581777
7484026
852975
6703941
2261328
3654657
9069288
6932759
7289005
6245847
885060
1404560
7183248
6519366
2644854
1133183
764858
7289271
1892193
4438324
9819289
690449
8568539
8306172
1009505
166537
1990257
2998685
988640
7478698
4178727
8086769
4962724
7548055
4790711
9740405
1202712
3859999
9189516
1008070
105846
2590928
4928982
9805447
1626647
7573836
3454982
2391505
7379459
7863528
6829829
9715100
8553977
5398369
537625
2079835
8081258
2527882
5078520
1586250
2522932
9257247
9673020
7485657
9321654
4463731
9742414
524367
8323730
8931930
4048789
945928
1522858
8977771
751375
3149505
6551607
4206358
5541010
6447418
4586238
4887192
6162519
3140215
2801913
6700144
7736402
3399523
1744378
2814922
4985774
4267310
4588522
4658794
4269319
3910176
9122525
4011733
6950895
7446255
5460015
3516036
908535
6982874
2493807
1659911
2648731
1561766
8382621
706094
8009185
2968859
8109638
6688056
8625426
911551
5904552
6361829
4311074
7648930
1693103
9296848
4432592
6281625
3955642
8701912
191802
5594519
5229997
9659049
5557126
690013
3175086
6465662
189239
8185245
641925
5354322
9747012
1540898
8576768
272549
4509757
6686406
9476957
5651535
7597957
5381509
2013364
4425384
5546791
3706468
3722232
9979383
2504445
194227
1197647
5212599
8305098
6427645
4871649
3862225
9634010
563087
327887
2339601
8748332
3486164
7693923
1011696
5027062
8787044
3800597
9536819
5473450
3277554
7704706
5587760
8659063
2234423
13144
6722206
8457243
6251728
6701590
961688
8962307
7899237
6174288
7267406
6843234
3562289
1129631
8993596
6641728
3973870
1333197
7906412
7460034
1543473
8918109
2487096
330517
2718706
4540267
8320319
8512613
2244973
3908079
9688028
6995748
3921223
6410235
5452991
2689304
3111825
8931032
1651611
3527414
7621672
8919017
2887001
3700313
2565000
4396949
342041
9055222
8246499
8248453
6515256
2306324
9682914
1518704
2636841
4917973
6058971
3473512
3430586
820297
7381592
3118614
332397
3819167
2045201
5785389
6508471
5157026
4716421
676435
1200793
4854445
2111804
6604146
8554758
4676805
1001095
8896799
3732027
1763946
9661604
2763636
4070270
9344519
4282340
9223463
4262492
2857664
2696976
209430
6194313
78568
3328044
6526710
6414087
5373246
4828451
5438911
3046624
9544872
6115346
6763769
4399317
8227150
5884267
2954075
5420307
9401715
4367226
1668687
1165661
4028831
6948675
5235932
5889702
1231015
4459395
152194
6605031
7156371
361624
2799344
9751291
6206020
1842407
6165379
4095618
6670858
1604290
9658595
8732083
235988
8938716
3131400
979490
4822984
8601828
6399798
4224699
5485406
584837
7906712
2030589
7533512
3142644
7920291
1280879
118392
588837
7885911
7274763
950461
3201607
9542407
9672834
5044014
5707786
6284804
1714873
9828428
5943399
446956
2580768
4882116
6094708
3560258
9705100
7212888
2476408
6446151
5214647
3061245
4352863
7245236
3111109
11860
5165528
6908341
130252
5754365
4794252
9921367
9221179
512211
9463774
1410365
8072578
7687912
7695169
2303803
7516340
3638569
2750759
2613460
1037037
1361819
6173719
3258489
1091060
8650127
9704640
8822059
4227725
6573855
6067295
7338834
6585715
3749175
4247175
9232319
2019893
1557779
9153687
3757424
4586343
8617461
5167789
2658921
6305374
2862958
4962724
6338066
9017879
229835
8951527
54916
4108006
7641598
3313405
7715418
6291725
5534397
6537477
519450
2108253
2604773
374637
1210320
8870300
7138164
2958992
890193
1212296
2112679
4647617
5798639
3246492
2331758
8457560
9551866
7711069
3420284
8406285
6728948
6166471
9874164
6783865
274477
7515762
2613622
7989896
6323839
8148020
4527373
9359642
2772625
9648498
9734279
6499297
1035151
9388795
9458289
4441696
601091
4087320
1605666
6399730
7333813
3937424
7373642
9402031
1648493
3310278
7808316
8377442
9476749
198832
7677659
9751227
230946
291281
257475
6554786
955653
7301200
5914428
6244630
9466051
8165059
2743928
501202
7553854
4718569
4942898
671298
8805890
6548564
7071028
8656055
485989
6961023
8058086
4650834
271301
8382755
5544628
9748051
8581587
3222287
2015630
8812534
6029921
4789457
5367320
9501926
2090657
3798100
5746557
1556708
4479511
1006837
4574262
2033365
8241758
9517161
2704663
7047648
8582077
2292044
8220055
1584418
9253067
6278142
6235253
9524368
4660897
1779881
1788771
5758836
7518521
6320753
4571370
6064794
1110210
2455042
5566720
5717220
8769494
3829629
7273928
3249005
4836466
4364543
7798723
3078225
3881704
3019738
2642225
4980133
5311782
862281
6564552
7081201
9656775
5316157
9121922
6834024
9612390
3427045
2592860
7130911
9747799
9680583
3195705
858009
4651977
1278778
6575229
3421472
5108407
6365510
9186829
2461226
730053
6985552
8055803
7128109
5291
3214380
4624594
7833425
6593013
1189146
7430979
6249788
9021655
9069253
3083812
8634046
2496298
5676673
5764957
2244097
5357256
1477015
5618459
2525585
2755793
4710040
5947057
380552
3591902
5133887
2841778
6838307
2119439
897581
6482768
4641082
4111962
1107363
2474508
704975
4812861
2421839
9471116
3834517
1491092
2554928
2468563
3987390
747953
8233520
8747840
8621561
2226887
6882651
1147147
4982680
1592691
9610556
7879585
5184594
7260795
721363
4539253
1896587
4135297
1022022
6537669
763611
2129385
1528529
3984938
6942246
3950368
3456054
3293115
5441460
8527335
5761678
1945203
1791640
6511551
693043
2929554
8738438
7575694
6593053
6237471
1684737
6203609
4117056
9385683
3464405
7354771
3924937
5360992
1490068
4946959
4415013
4770031
9592696
5943543
8754970
9051294
2410263
4727376
2344410
368076
5771063
8106088
2313279
79056
4617639
5522674
3008610
5872430
5614720
9601663
2109901
7299457
8321624
8743309
6685141
1786029
6098080
3126430
9663373
104501
8073389
4078387
7390884
182437
2538282
8662206
9233731
4948545
3389583
1578141
7832973
1676998
9684230
146252
1756054
6818221
5668926
7281016
2690651
3799998
6882679
7316904
1099456
5204304
6060213
300949
9506685
4674646
5943731
1686411
7295499
6533472
5764798
4686383
6715909
819432
3348590
5949640
8284329
9254525
7527782
6117303
931523
9728364
6263555
5203930
6546585
4448834
2484946
1753589
765184
1883978
9070493
4380992
9604634
7647059
4681941
9111319
2321705
3142024
797730
9617204
9675496
9078880
4303587
6391405
2414664
7652177
2341046
698994
6906702
2385180
6816297
354578
2113544
5596204
5558508
1176481
2561390
8043454
2930070
3326575
2443784
4516916
7707567
2048418
2163975
4905861
3676090
4485680
8047885
4473820
4102884
239734
6069053
922823
6631139
1000069
1091353
1488537
1699063
514407
3873717
1031712
868985
8503613
9144269
8943845
9680095
1705659
9503652
5126517
7548586
1947436
9643433
7772506
3995855
1807408
5194719
7671945
6293088
5758956
4662117
2912324
5998690
3247522
3835148
2629830
4247592
7442853
4118367
8463007
7957260
508437
9494720
8826246
9012050
8638989
7770091
8692145
2861000
7273743
3818663
2925939
9221180
5978448
3214797
5733387
7785857
8409516
3405332
6595297
4168472
8067449
9507622
2683515
3831324
5859122
5313345
8078916
3301975
1948064
6541923
1259235
4972853
8552995
2601833
3984904
9708336
2888277
5193401
5085689
162020
1528416
8011628
1899552
7506865
3742777
7632939
5292722
2152293
3554623
4404371
8837117
4138425
3911993
1520632
7969749
2287467
9350329
8565017
5589442
3814746
5106940
9365030
8787599
6176288
4483215
2772503
5884624
7371492
482257
970313
49865
2010673
1498293
1949417
2033890
5241070
2098709
9842964
7393363
8169684
4247336
8746833
2308109
8159329
2783817
2794210
2963149
2134147
1359227
1068943
5948893
8982520
433973
4736492
5158808
4917189
25348
1043432
4805033
3023957
4530098
4854898
5034630
6028391
9320668
9584873
1269462
1419377
9427837
1179177
2105413
3675173
2442362
4413523
4350855
5226180
9724085
7314004
7360327
1083313
8382947
5825572
65833
1333273
3078416
7740993
8766814
3103764
8784425
3571847
6127721
5830875
943098
3678704
1859267
263766
3263577
5645081
4199495
5207766
9340610
6304908
8882940
1782973
718431
5750147
9525505
442517
5580503
6885832
4042182
3963450
5227756
6624367
7813075
8306172
4365360
6579889
3926289
5666137
2668089
2570362
1497013
3611187
6249066
5872632
3874953
2028995
1517713
8074448
7236762
3374675
4379356
8636054
7674000
7614140
6902553
7199505
573009
2483056
6601689
4615191
6446506
1829445
3755910
6775934
135618
8121270
5872175
4061907
3787407
8540264
6632269
5284420
4667803
5397688
1157052
1059108
9943035
5191117
1649908
9696149
8565793
8545617
848555
6239793
8676109
7751108
5955651
9249118
234164
2557340
6380661
9197023
4386786
2652923
8489309
7038756
774193
4361484
3617015
4561600
5418101
2765636
2362373
2602256
679676
6035777
3661365
622712
1226895
7827625
2835213
2309040
6373242
3683769
1065185
5049351
3951229
7020836
6814821
4185394
9578177
5711834
5898769
6481315
8364757
4388078
6036423
1655302
8749562
9653438
6216903
6684015
4935426
1095628
9286272
5615103
7131405
2947637
8754167
874652
775262
1589380
3183692
9664857
7789501
4248878
7230560
1740731
3786066
6561734
8442477
3364243
4789920
4341246
2361910
3154678
1245676
8398333
4809980
2511590
8051771
3543235
9195606
5503550
7155215
8481878
1118653
4286621
3945867
2389172
5161273
7237481
6494904
861318
6902338
6800758
7626548
6649251
8541489
1412614
3210985
9500318
4776858
8000905
6357916
7138768
3671935
7603592
5537102
998268
115182
6105225
4541503
9310788
1608775
1696719
309018
5243780
8499692
4254885
7632952
3660965
1492367
6644209
7038635
911057
3444967
4665183
7560308
1986456
6077798
3287645
4003126
3371008
1288551
361042
509776
4960486
7964634
8563230
5958754
596168
7184808
3016610
2423309
8793583
4713329
2732327
6553716
5729373
9503565
4186668
1906690
3512284
3347229
8945326
6939693
6792196
3610509
7016354
1295004
2204659
303999
5298130
5575667
1592550
5659172
8601796
6553037
6140158
7165026
5028143
9252679
4349834
8044753
1675988
5659770
5274434
6924667
2213486
1003807
8944584
8916506
2910498
4973220
2263736
1855824
1912914
9055932
7982685
8929268
2867289
187345
9233267
8165419
5763012
3342170
3824592
4364808
2411559
2481102
4046187
7439702
1733781
912373
5484456
5926121
9088495
758890
2850789
1301981
1762698
4311725
2734840
7189548
9284946
7514928
9045372
1197860
9087212
9544409
2643480
1954501
9731754
4393099
119921
8011119
7735269
6460865
2375927
146828
8941967
8938466
7586531
3192101
9850840
5587339
9118222
8939335
6346229
4485363
2757669
625279
8797089
8008861
7814827
598387
5523789
9376551
1796247
4611001
1437313
6956079
6565503
1169067
1349178
6685424
9180186
1600800
3146289
4072466
1747628
4604608
5527284
1850511
313061
7894476
7437850
9431284
6833812
6300432
6432999
2107833
6925711
5230088
116694
7256891
5828475
5640483
9149794
141074
251484
587107
9613505
9333339
4272527
962684
6018763
5969065
2563484
1681404
2557883
6827464
8802365
8085168
8677976
9115426
5979644
8632178
1063062
5329808
4932610
7496062
9953993
4374674
5242502
70687
4147917
3587330
8227522
3297711
6244756
995359
6401171
5858262
328698
673698
9337298
8863814
6642763
1900782
3061570
9200647
1244598
1863935
9802167
2438926
3495714
5781811
1071105
4558776
3627972
6003715
4571190
3581965
2894741
2330045
6169005
7042658
5917375
4396527
340370
4678483
5391886
6741541
536745
8236937
9931591
9874043
7100751
6574354
4291177
2678673
5775001
5535776
4542609
8093520
7974702
554675
3875332
1562159
7629803
19656
82227
4717346
3601621
2976968
7047391
9770626
2535979
2964766
6683506
2876349
159601
4591744
2134242
696347
2828681
2065833
570390
2445784
1156539
7377920
5124458
9447893
2913696
2183419
7541413
3404750
5254446
1416745
7483262
2884249
1436401
7565489
7601595
7554375
3058809
4648986
9841353
5594788
130104
6524859
987489
289706
1116604
5638083
3502405
6461637
220268
6589147
1423774
1376808
3967067
6548232
824701
9397115
1248003
8366114
5318218
9018801
2299212
2801480
1903050
6251965
2883321
2020998
3806340
8458482
9186336
3647694
6569623
1832793
2688905
73464
4638851
6321861
5711548
8141256
2783499
5931816
7246755
4207273
7308624
1213823
3271857
649677
610938
7036212
9015792
8445508
6055013
1315004
3763340
474415
83321
6646661
2495413
3889662
7621496
4198102
53708
4191119
6030895
5258965
6780935
3186098
1580827
2492483
3843706
4364326
940652
1090461
1087951
765628
2304284
6876160
1415306
5431575
3912372
2947450
6393435
2483737
6778806
156776
2958152
6862127
9319789
7969918
3268141
6941285
4684372
3321849
3648756
3231619
1097167
429692
6417717
2677994
5438527
261423
9558672
6379179
3868236
3162975
7144808
8688873
39135
1076466
4120448
6467859
4023916
3030235
8951596
802722
3187011
4426100
181201
2506801
4912370
3449343
1964438
9596742
9287544
5613195
2828361
384711
8559239
1762430
3062705
3997766
4540205
5137729
376946
8408442
8300704
38106
7097315
8339839
1114572
3734115
4807698
7654840
6764350
6275646
8457562
9951362
701747
8638763
4974515
8130469
4604458
6938953
7727212
3892003
5068500
555573
4276714
3627739
2318004
9855772
141858
9374561
4993501
3035156
7783003
3294206
3073262
4880318
4150397
6704186
1130785
8958096
4359026
7895136
7750094
5332940
362850
8451841
6488055
7853717
6582311
1092514
4792670
6825875
7500869
9861171
9897800
1777583
6005262
4732156
4149707
6147120
4106718
9143209
9182276
1889721
4953767
4771890
9286392
9104164
1476076
417177
8062260
8351454
828665
8328707
6200746
3707867
9296900
5205154
1561584
5879211
6297668
8870607
5221438
3798537
1248130
5119239
8092472
7253392
9851395
2242180
5916865
3958113
1385389
5099141
8364187
8855508
2387384
7650579
7959672
6379812
584108
8538285
7247619
3929126
6866992
3448365
7636993
6163892
8653519
1714930
4559456
7467539
585537
9780894
3782428
1833667
4900133
1874901
9087059
7267881
6633433
7520276
3742346
535174
2619418
2106533
9390682
7523154
2273464
7350354
3902966
5373925
5888639
1150585
9303051
2755631
7115303
9456396
8919524
8285174
1171326
5995332
5752714
4273215
5776226
9535142
6106882
3192712
3926395
7710294
460593
3076180
5230570
6719291
3611354
366340
1342177
3002036
7889494
6131993
2868743
4308813
1505918
1273734
7975750
3325321
4029366
5091053
5298070
5465242
3376228
6469396
1460574
1645294
3258964
9753152
3696788
9365846
2945864
139536
9592492
5922809
3215716
4823063
5158453
6827071
7705755
6500630
2345459
8111602
5148975
5214202
4936767
6654894
6487937
2912517
2496567
3033655
519923
7794637
1015249
6412503
6780386
4992175
8057797
39350
4745327
4270937
1921548
207544
4410473
1514041
8646705
7626190
8853456
3805158
6969613
9075563
2822140
9315072
7187165
7971116
7045627
2123932
7142362
6049916
7552802
9638929
9083571
8072725
9949919
2615172
4485228
9246657
7607347
5059377
1802359
4869026
9330314
6240259
5076570
3740788
270652
6239628
3883330
9124108
44786
852943
716024
2866927
2684367
7903189
3354395
2246346
2543474
496757
8296262
96276
2652038
9896185
8169001
5118309
2511357
5170581
4364966
2635056
229958
8683677
7504083
2076624
4923937
5097005
8333764
5194589
1336633
2217094
6835050
1381420
5586389
7551074
6764699
787109
7970615
119094
3033455
514089
3132203
3846070
3126717
5784241
3742255
3812070
902551
8769965
8982651
7783869
1405021
1728961
6467547
1425456
3805586
1391484
6522462
2139350
9102425
375447
6872797
5937475
4273219
4975538
3488549
1037918
8278999
3975517
3673364
3828807
4489606
6805567
7674877
7616324
5106161
1417132
3944746
6008712
187097
2927398
6308933
4108471
4656359
2776480
5533927
978297
6684316
4572741
5634000
5786742
4948189
5023149
1724217
9221408
2515039
7729119
2775679
794039
1704636
6449043
4622846
8710594
5770963
2297723
8843270
877124
6231207
2788017
9402188
8934657
8231767
5711121
5559480
2888126
1003954
1093407
6382776
7688270
8182501
2016776
3475012
3130690
7039925
7715582
4868450
9554964
7961053
7644129
2865355
2182041
6609525
7488201
892635
2380488
2302276
2252258
5773964
1049836
5040275
7692504
9984493
3272042
5919977
5543973
8676520
6923931
9153732
5059296
4612202
7336233
9592424
603566
2983275
6632349
835500
7851726
8703666
8796553
8012207
1569021
978594
4621732
1573575
4387582
9518572
3875851
6639840
5292536
4925687
4196467
2985040
7426532
7468509
1421370
5486857
8661381
8345301
4640590
3720678
5473855
4493175
3313102
6077422
9992803
2461804
9429274
7844529
1165470
8225828
5856736
5250843
1720774
2994821
6824418
6108356
2513393
700270
5264548
322282
8142309
9461015
5823674
5568842
9445876
7245044
1055699
8107258
5590346
8212641
4344288
1064201
5222169
173742
9657975
5214972
2635546
9087250
3059501
6317368
9829430
1432589
4084564
4066556
4427410
908982
174913
9457156
4125604
5439461
9779438
2267914
7416829
5603112
7836756
6862705
2848157
1408807
4969963
954855
2137801
9314251
2019056
7359970
9487994
4193384
2574942
4639892
5796986
5634443
3473613
8142768
9583384
7558177
2209324
6527147
983511
4900589
5984303
5109116
2856403
8280093
7377030
273232
3883205
7730138
7135937
9247714
1655297
4622253
202569
3793098
3936504
4737978
1153068
5940850
8931362
3728010
3097095
7244700
1878805
9087060
5387468
1462190
6645237
113144
505689
7628748
5013734
9006344
2737864
7870137
7286437
2631246
659721
3685994
361384
7795658
5450061
4533034
2417911
5652630
8326132
8870768
390608
9479201
7327970
1838322
3207211
2941417
9083022
5086017
2028477
6986842
9064559
1190066
7099987
2086600
8818815
4630073
3609296
4073031
2500210
3412085
9220630
5676283
7098079
2098366
5988293
2548140
6631400
8406205
717123
4957533
9793325
3624083
4436734
9637647
5462406
160297
2579065
7061780
7762666
4607542
6564975
9343577
5797609
6181314
3946529
7132776
811387
7555825
3722159
5827949
967910
2942789
1504232
582342
5041156
7492525
3130482
1672556
8415082
6363957
6630089
8208407
9988041
3583175
362407
7966799
6259825
2941472
7544931
4022491
7549014
6626258
3366069
5862975
2807572
7312598
2995751
3618959
7384776
6717911
9446908
8352686
9660700
951140
8935028
7218208
8443666
4581863
8890765
9375100
945820
8037206
7583508
3450213
1620382
7945915
1417012
396559
3403739
1478296
4419050
952753
8104554
301471
9332081
912127
130422
2327832
4531086
7515198
1562095
6494347
5867884
1222796
7445487
7319265
957356
8405505
1901128
9848121
7780606
5363300
7885328
7880466
8813514
2022062
8342733
2746878
2418621
1746472
4225174
9354023
5215577
4846081
9655495
4547658
5758208
2302269
9391843
2805646
9817467
953938
9299993
8201703
4693086
9261833
8037320
5650443
183690
9938448
8014916
480648
7818101
8416596
877466
6631615
438658
9220199
1894845
5373631
3483023
8636372
7244007
1214953
3482453
6899502
5762611
9240661
1718123
7670806
4562659
1535590
8624745
6379005
2253645
5834183
8157190
290966
4000978
857232
2745766
2015895
1337881
563867
432491
2215347
9711834
3387502
3951899
1606680
8761133
9951274
2759404
8521492
1166227
6241857
7937346
9445191
7998870
9655469
7115997
2561529
1191059
8257094
1456886
5961057
4091278
9614076
8768375
8092256
471309
1514141
2624503
4325542
4594361
3056995
9057241
6822547
6444497
5525492
945579
7721982
5476767
3704983
6243475
6642994
9946840
4180821
8604537
462062
3836291
5720535
3023592
7543702
6493981
6996830
6021111
3101611
6610907
4789486
3710220
9598568
8819980
6334723
6440462
5930693
9391718
5497703
2753240
8352567
1023196
6215172
6074550
9016315
9920155
4834377
8175661
2383348
9015198
6780199
2845410
5367841
5017086
8385354
5427896
4027419
5382185
1449007
7129031
4509444
8754846
839251
4108012
7574826
7173974
3064826
6021871
9082045
8562529
8775111
7434612
2102077
7506635
6025514
3634744
7426791
3376243
1810406
2326491
4907794
1106957
5171901
275635
6124043
6073608
8219883
151462
1455793
9668891
9796845
5965237
8423737
636096
2589601
8514915
326423
8170779
4536786
1924820
6733308
5828249
1875784
1351738
5851237
7901299
4986482
5794380
1277542
9313240
8120871
6185336
420197
5809124
8977324
6544240
1882732
7197207
9212055
5854877
9382450
9008900
4336466
322539
2161349
6926067
1353806
2487772
5096846
8406944
4412592
4346507
6751546
6288376
8214597
2602783
6706027
3201079
8397163
499922
2514320
6518034
9201610
5450869
4843510
695286
1995110
6726243
7892494
3723517
2581120
9791296
5248769
6917587
113836
7410118
6360006
3983994
9897890
3973205
2390939
6826834
836064
9142485
3115211
9050661
1745268
2337590
4768092
142431
2837512
9798764
9176817
4555475
5249634
4020327
5250761
9761096
3262922
3143255
6000965
8360395
5450904
1249734
5277982
5564740
8659853
4154340
9548734
1074095
643897
4456025
7900930
1479961
3598510
3532493
530622
5343778
5870083
7815067
8002561
1223948
130183
9695730
5779423
5379817
6232410
1030184
7657265
9495332
6689792
3658230
7855727
2140696
4907965
5650061
221788
6084170
9804402
2286874
7158265
448299
6742900
5059195
4444613
341410
1108040
7491587
8201541
9494476
5306654
8720454
3234776
5436838
8416185
9014199
3333007
4648595
2560735
990273
4143927
9250527
7164855
4516007
3907575
4589172
166068
4129363
673342
2486822
8932590
7831608
5451474
5675490
5407155
9896087
6016900
9031548
7387674
6734793
8526024
5210681
5455248
1760800
3163871
6387785
3291351
6496878
1036380
8368438
3503
7696659
7618966
9684711
4729018
4042893
4273883
4895087
688609
4947226
9898261
9621199
5295186
5349735
5296689
3218693
5245822
3829941
2250241
5149849
564735
3292617
2876882
8536335
7569769
6040753
4924120
861120
5053983
8476852
9229559
7573839
8689863
9364877
7258550
3418882
5924122
1532433
830321
6612731
8996011
728582
6233930
6807549
6078318
4046971
26243
3840492
7876913
4792836
1506693
958000
8085454
4383575
2010687
5655223
2940680
6934807
9032696
511016
7928011
778607
8084855
6617874
2659836
7859757
2553108
8583958
1908542
3383429
7713042
3420906
4112012
3946972
228455
2706682
510296
254698
6547174
903561
5047535
8053868
1861561
5649341
4953795
3872248
1304564
410828
3323407
2853612
921844
1251418
6148571
1523051
385644
8808407
9382808
2938753
9908718
3807702
8838534
7621760
7228608
2950546
4085084
7457064
5657228
4595380
228114
4720755
5498941
7792001
2774623
9876854
3441342
244770
6265454
7262259
655598
9588861
2632223
1577442
3356631
8780795
5616845
6258628
7589202
7516005
1713733
14272
1323708
552267
7636032
8552316
3502814
4237469
8525732
1676394
1349201
1270199
6397149
6848143
9062200
1688124
9241349
5019895
1932895
5506804
2282154
5104845
7612017
4914377
9198640
968649
3695172
4815485
9743629
3800727
2331491
1457362
3814999
3655199
2009629
3967384
4723867
5512443
8204853
5765952
9705190
9554054
7036151
6102339
8918549
8614703
7790464
676251
3634598
2239711
6183055
8433104
7344556
6311424
5863834
6543196
9796425
2075358
3875034
9540054
8392437
6206525
997416
4723789
2378076
3007046
8691173
9618295
1035841
9412378
7900599
741031
1482784
7453102
9359723
401334
6067806
7150187
3593937
2218756
1906250
2293344
3168213
9250806
8604768
9032047
8310355
8401194
3623757
2185389
7941248
2016195
908266
1455017
6739984
5802694
6978415
7947509
7937341
8014256
7359887
5837941
1271640
8842671
3291043
631363
1760357
1875201
297902
5354294
4093958
2204152
7647638
9778523
1454958
8768759
1326922
2281665
9686305
4950679
6983406
143905
6966874
408024
1598922
6223210
6210718
8577337
4170719
4148060
9107946
4046958
2502353
379586
2889630
5793396
1010949
7166339
7668598
1308851
5036986
4278908
3513003
5200976
4057431
7484313
3969735
5384353
2282331
3656040
335032
1782089
3799946
9818259
2190114
7915220
8557821
917184
6492558
5244893
5065244
5600504
9291851
7567597
5980090
4697833
5877346
9507391
4380525
3545944
816242
9417511
7824852
6845597
4618487
4398635
6846262
8588223
9782988
1644945
4760615
2634372
3427035
1076913
4968983
5617149
8992134
6043157
6534333
5484692
1288050
4115930
3601548
3096253
4199879
2097990
7794087
77225
1605381
2174612
6139521
4937975
4108475
6480725
4299924
8726962
879360
1146186
9831537
3178700
2791132
4592153
8329425
6218167
8185418
5814760
4351668
7177552
1857917
886001
5178596
3145967
7518283
8780144
8758573
1718163
3394486
9069012
4311740
4999867
1243624
2967614
2454194
7868451
9448339
6754118
6595413
2844052
416657
8943303
6022752
5724141
6051808
6868529
4458660
4237226
2683290
8810328
1414779
4541207
2212681
6593375
203527
2247317
7889872
8962100
3965480
1284358
8031112
793572
8800578
1791088
3761186
1254772
9659539
3209526
525243
8771304
8569930
3458252
7714607
4592682
9182393
3766415
3977564
6157405
8003642
6660854
7484085
1934773
1202061
2213118
1044500
3921940
4460435
8934372
2884040
942267
2735083
3431504
1735840
1535661
5222592
8013378
5306785
7398483
3739256
8348380
6169788
2309186
1806632
6400747
9418221
3505377
2683515
3395785
2179134
687157
56639
9663219
5138282
3775052
1876338
6182782
7696993
8853125
5117155
581033
9795393
368590
6528890
4047585
4420603
1751482
2060963
2243740
1666318
5800220
592121
352458
8109406
4915105
6753205
43979
8420483
9436720
3439764
3115969
2640229
6012755
2779189
7778511
9787808
7171879
3961294
7484801
6025004
1594801
582186
5820397
1963391
7111076
9867982
6383994
1378911
4445298
1144086
3045229
245518
1736207
5914039
871276
6651313
2667244
915256
7588148
4620317
6871372
704117
9776898
2884128
5999658
7555410
5188288
3171537
4033056
2673089
9196542
5627857
5771627
7533291
107600
5399056
9917626
9007946
6777967
4362924
152032
2339548
7124794
4404592
769939
7996070
3572257
3437183
1427678
1160405
573852
8299051
4380874
350751
3699531
380533
422513
8887819
6068422
6971921
4077260
7781316
5116130
9848887
5314608
5223730
7764295
7748586
6748028
7058614
2111510
9416412
9398162
9236304
3821004
168101
9748726
7393261
6121637
1176405
1070018
9211841
1991808
5450893
2078944
5691339
8347778
5017809
4579158
6932552
1989730
8656418
4713869
7105860
1021657
2544829
4845942
8785953
293415
1593970
5844567
4921277
1010383
7759082
6673933
7347739
443535
6422659
4741001
9081524
7599064
8327371
809718
2107224
3778264
2888662
7798563
4642394
7906472
2377721
4091299
9896202
3550491
8805168
9518415
7088501
3866349
4364357
8390806
4159764
5958328
4235373
1597393
9485063
4510807
8271326
6832802
7470695
4693985
4090155
6552219
4809402
2417527
9878289
6916626
8712143
2766952
7231542
3354538
3189776
2125615
7445837
5602330
5676107
8767357
5120745
5280960
2633706
9485103
3671766
9309822
7959783
7907139
907215
7444846
4934299
1694893
6794000
2404994
6388878
884156
1473565
3714632
3301683
1351855
3147611
2013826
6635159
379153
7884716
9824935
2504768
7846905
5427265
697227
9130614
3064363
5978187
1764320
2549466
9649953
3590494
509249
73445
7014061
470447
7524096
8708954
9780799
2445442
7614185
664955
6435359
1328817
6482990
303566
6992780
8496817
6938725
9888285
8897885
9280012
4909406
9261143
7223630
5606633
8391757
287993
4101173
2672430
5353811
6267478
6262924
8379412
8857275
3276986
8849859
6381371
1985940
8630658
8826813
2116477
1811966
5262173
3445295
8294956
8082091
2954427
9308125
5020817
2842713
8206011
6817181
268471
7467154
4040811
5875104
8375263
4328804
2492629
1047693
2198967
8760108
7310618
578379
133735
3103956
1944590
6515107
7606248
575249
7858272
9722726
4903567
5636797
5684373
3198523
3718889
8638800
2506649
1256058
3997865
3229012
8073239
4266336
696166
4630403
2657793
9071429
1475559
7666774
2635475
3674527
8943234
2462445
4252906
9076970
5566401
6197497
5592077
5689001
9289098
5966701
5411727
4192665
4119851
3612452
9907540
7838740
4767605
4930541
1611150
8765470
8159553
9684389
5548159
1372071
4314792
722304
2959853
5790352
8389078
5595328
9464879
7332313
8057773
6234137
6409283
6140526
2431634
4517712
4345879
4237084
3000765
2273959
946101
7120616
5886411
853642
7475708
654016
5784183
9086858
1935839
6460089
1287600
350
7832160
5602392
722654
792013
3909096
1628084
8903693
5890327
8960397
9477818
2124465
7886032
8134696
7072451
4920096
2480576
3825888
7920862
4754535
4771989
7557830
3157298
8141983
5033539
3811315
3926167
6636749
8263506
2902608
7924349
780208
734768
6043094
1502862
4043134
2468542
5647298
5463179
8358870
7124048
4940998
2999687
5010080
5592046
2588490
2446529
8072622
6414378
367391
5343509
3702720
441573
8500808
1844703
5475112
4828475
8287222
4628214
5608333
1189830
2552563
6388541
4440951
8595657
407755
8484085
3580552
8571405
6463616
1939422
5695453
3920966
7455461
705534
9513013
2560303
3152063
101987
1491034
6035806
7961849
5193754
6477379
8979009
9554809
4468844
6323836
7842032
9097058
1932169
1548214
4165973
837062
5989165
2761631
3761169
6989602
8858535
2332574
3453219
797957
8028028
7374185
769770
1249914
6887198
5846425
6918329
9505538
7337459
2954135
7467387
5047565
1947866
6446396
4602375
8933062
2770232
4960759
8030120
4702401
6508973
2196094
8055815
2498139
7474077
1816984
9487741
6332612
6665910
5457312
9646921
4693938
2831498
2933043
8460204
2235048
8779468
5378533
1740586
8633280
849020
9207973
3680845
2796887
5654369
8283220
1729949
8424601
3243979
2276422
5643354
9752953
6988868
6215521
4767444
6979297
8032505
6771537
5828261
4698416
2228850
5475182
1908706
5060348
924577
368911
7295396
2220397
8263796
1552335
853677
9112817
760308
4534523
4426056
6414678
2817743
8672357
7355631
8578075
948779
5515338
847380
453999
1730859
8131176
7433296
9763365
4902713
5777909
6978133
7131563
3769443
1403191
4708263
4694020
4288454
4520012
6914418
2552251
6072347
7768095
4181420
6832655
4818970
8607476
5763685
153066
7279833
5635669
8731141
744965
1151007
2094873
1198964
2881866
226049
1148613
5161583
7645114
6926522
4656068
7293030
695966
8575612
2001293
5389986
2864066
9037657
4820756
7932669
5110004
5105204
2114089
4459012
9924174
721565
2739049
77240
8001399
8374718
1324733
8746364
9525725
5935958
2461680
4923944
6162007
3610293
2601879
6323474
3053168
7257948
3616504
3749134
5833560
8134149
1655472
1213978
7171807
8992581
9146648
4798163
4097785
3777089
9257175
6538311
4498655
4512577
6615552
5016406
2887295
456637
6279122
4929373
6392596
8740802
9853317
2554603
4867448
2455196
1394429
436968
2229496
5010933
4186102
579408
5661435
8357926
1793387
5349594
7350507
3456387
147757
3964644
7233476
1921285
502956
4248483
6433862
9634860
1781241
1837509
91497
8060363
6766882
6484093
9317518
9136551
1555049
6701318
4108100
2949478
7138286
6337596
476764
3840740
9433357
6138199
2198666
1226744
1487793
2065526
7199483
4151902
6030170
6949311
8589539
9049478
1197795
5023401
8684338
5495388
9377263
8775836
6072104
6144145
5259929
5389622
7797049
6814978
4607292
1905149
2280809
4261930
759097
2757573
8102670
192454
1412124
2817688
3935550
5416269
4883214
1135033
9568171
3429737
600697
8157711
2479215
4314844
5697464
3679906
9810232
5074727
2455742
5882336
3735225
232023
3788310
1532274
9563354
911954
5953775
1844163
5173884
9229224
7118088
3276554
1938031
1046564
6094243
5873581
6462833
3493809
9524967
8547356
9439898
125664
9221419
1919114
4440508
7435236
8115372
4250740
5026315
571114
2649429
8761540
803137
6437739
2810166
366491
9866046
1280293
4727006
5039930
509518
4361446
8316485
2447549
5408010
6927080
837482
1870843
2937241
362449
2934552
2377140
3004465
2155971
6812606
7444973
9591207
4927978
4212066
4617523
8015444
6861495
5895415
1334933
5815586
1221934
4217777
5681632
2502227
8944783
3237915
5528097
3306230
4070752
7975646
8714240
3514184
8813129
3101436
6451425
1691930
6035988
1344917
4696396
708311
673875
4657721
299519
8118205
8869787
7433394
6133649
8247634
3328809
7468583
6579573
4550743
4202712
2261205
9569323
3147495
5499120
5097420
8970077
9569872
5589419
200670
5600408
6918900
5818458
2051834
8610830
1854446
5913103
5823578
5079109
6586979
481300
5378628
4705184
1867439
5328374
3355186
115074
1173536
3340121
6694647
8240631
7542833
1472204
7809954
3206680
9487677
2907375
2176758
1573901
1013146
4893780
7174310
7932046
712238
9226144
9059228
5083036
5139247
4882807
162145
4242578
7880459
8057126
1464115
9747898
3385500
4819301
9862972
4559036
675774
9073971
5316020
8218607
546176
3125974
3941639
33853
8549701
8634749
1607754
9562847
3528529
8782064
11245
6757119
524560
9070474
4356507
8180160
6469633
4518653
4939090
4350092
5092131
6403205
6614342
993983
3738858
6477315
8069372
4414632
8067638
3385392
5149591
8613814
6511366
9091231
1164019
7577420
7725980
2771774
9656619
3770862
4070190
9667865
3044333
7111103
8738339
7400841
7807615
7724324
4435846
2746705
2074416
9527977
9149911
8688758
3038312
2888769
7682425
1107684
9819754
5750064
4493076
7485697
6880230
3520795
9093280
8044250
1098215
6819261
816024
754834
3106475
7402566
422699
6150808
7030021
1677390
6068001
4837636
9401714
503847
7584342
3992482
2548176
6734253
5197593
5586489
2139374
2880018
6694173
4475480
1146434
1187250
1961178
8026665
4708045
1054458
6070915
8322612
390071
9403291
9077446
6012898
6805857
2016498
4680059
6352231
6210240
748060
1189867
8128307
3768260
8774209
2120789
6316436
8024814
7318382
1902925
164189
2714753
1113451
7156021
3861187
2300701
1633551
1887852
9525098
2688010
475119
364062
5594433
9878410
9441508
4123684
9200620
3974358
8803743
5552851
184599
9551803
6742718
829258
3320063
5516928
2950047
2152852
3541742
2784782
4055777
6222283
5499535
7685580
3378305
1877074
9986281
5011856
6281279
2027731
216218
6756398
2391793
8327004
6634809
4349654
2450688
5835429
840364
1254431
1388280
3541315
3322586
647350
4370573
9159002
6164278
9836973
1311854
2222373
2621755
7883983
961008
637642
5569564
6855665
5031068
8072197
1867522
1312347
99929
4600092
8068746
5008074
5443448
4703555
1874080
7894136
3055336
5230797
1664919
6959968
8772112
4987506
7607318
5659038
4146508
6287949
5496011
5458362
1026674
634118
5858697
1987682
3788112
1428261
8843348
8819180
9500459
3227222
2647880
2116740
343666
716626
9641166
5787115
7936533
1515247
3681251
3508221
9262396
5346171
2984541
8034508
2850029
591859
6209898
6996537
9396160
1705909
4971251
422834
4856379
829948
2410517
1160843
4774562
3770217
2496376
4275021
6997439
5144256
6391761
7341105
8377234
6032927
3128220
8830119
64526
9325824
2338340
9326922
7188347
5322881
9877783
38376
8431092
6087681
9551265
343605
309943
7038868
3282791
5166322
385168
8209660
6327166
5159730
1979877
8823542
9434751
1493668
3967798
5826512
8834774
4861384
4375792
4479346
3691503
4440318
6321522
8546195
6283593
3509869
6385428
6161376
6064597
7332872
2249057
5615862
7676477
2559000
2654730
959269
241675
3039899
9168929
6568841
8199629
3665159
7908735
150733
5158827
4392885
5977245
6509953
9254269
2869389
3505652
5462124
7309708
9827174
4008319
3593301
3337044
2910099
2271029
1917993
242971
4520086
7533856
435801
9595439
2704938
3911422
9837114
8261189
5596703
8922307
6460819
9261862
6831042
6611552
6937042
1223927
5105149
3446995
2994548
7974539
6952647
8456672
7800599
6779822
4981343
3910252
2633218
7891442
6181281
4551211
650765
701367
4601419
3602918
2813158
7306358
30692
2650272
5567547
5627396
4088931
4544718
7405610
919973
3672622
4342652
4660252
1294124
306000
7654800
1785015
7258647
8627824
9585614
6554821
3609167
3495866
9188039
4016961
2193499
6255603
7184079
5411218
3373374
3303349
8224377
3196084
3334042
3391001
8763632
1477790
7479933
5824702
8883400
8399906
9497325
5742405
3060159
3307801
6048405
3231311
5092816
3307052
1859136
4678430
2378226
5468303
690648
4082617
2001617
2884147
338220
9185696
811717
6227947
2489045
9036094
9424031
8339439
2427096
704015
9817229
2423381
6528718
1216982
823287
8542395
6959387
6399798
1850196
3007792
2147462
6943012
8831196
4006598
4137794
1209422
1991253
4828442
5292040
3992870
228941
8146612
5694918
1040658
4374559
8183964
2593105
3798591
9039755
7536553
7018958
8856985
9959934
3547676
73967
3299573
2090071
7033354
2215724
3940267
2557498
4363186
883279
3905046
8369784
7537425
5114469
361037
2365867
2922861
6870260
5111160
1069473
2565178
8668171
7960385
3265494
1261276
4275328
2305250
8797829
1294286
1162235
1274115
4841963
1236202
4573688
9448386
785908
6789412
3388654
5859758
1152598
6788285
9764804
2038734
6842063
7395625
2399772
9207930
318486
1786384
6835443
3904312
4351562
5503614
1864697
7617057
9281242
8656377
9922307
595423
9950663
3600894
1869538
7308978
7353448
6443226
6757365
655708
5748991
2662371
6515466
9417941
1967008
6280270
1456676
8809071
3675896
6372800
533354
6510734
8159184
9885149
415046
2510746
7905115
4796095
2644155
7186357
3452472
5082814
298132
5919488
8683708
2167670
3228466
8553508
1127248
2502183
9209216
9392591
7680906
5724682
8810533
2164267
4521305
267209
3489690
713553
6640009
6539396
7224287
4799193
6424545
155686
9826291
6846012
4951781
2470447
4032369
920606
7553261
6846853
6840094
8753322
9014523
2584912
7306830
2658124
7603448
6516047
2050715
7800706
4757081
861248
2481325
9278386
1128457
8487368
2508291
284818
5026764
2248931
7600363
3967662
2404617
7426655
813674
9872750
9897102
7362396
793356
9966715
4209249
149802
8720037
5740125
5251067
6026868
8398249
2854515
5059267
2965316
3171573
9816348
3826565
5652899
1611087
7471374
4140267
4119378
272545
1683383
8884661
7872908
8167397
3805630
7815915
8981072
3678381
7713017
8859820
6988089
196085
5585421
9654244
1432474
3841898
4905311
7459342
4756499
276178
5034961
7721816
3447751
4851310
4064733
1617002
8978749
4052459
5757269
3098127
6841356
9957005
4499141
4714265
8124402
8304771
2530180
9621826
1983152
2759550
997998
1487594
2955635
6583420
1141838
6904461
2941670
8563501
6880156
7698170
8839679
1915117
5419986
2287430
6766427
2001071
6420785
5745176
8569882
4694406
1359656
5411239
4651411
5858797
125504
2775814
4163568
5172036
4913992
8663073
7931586
5911991
150667
3403573
2495411
3808857
308035
7953433
2372358
9704543
5651603
3728389
1619660
3587941
8532171
902440
8105364
4952956
9163968
6675247
9647363
523624
2086486
4298774
8898773
4728342
9590940
5578694
9900378
4504933
4241767
348317
416924
6908786
6268242
5428687
3233995
9092629
3382120
8122705
8797172
1550076
1851094
416833
5138017
383265
1319273
3243382
5336222
2999593
9918629
4983585
3523218
4521467
1798711
4938343
9249809
3906004
517037
1666539
8410937
7275156
4531208
1344213
6700294
799451
6772900
2450641
2408432
2671372
573346
1205605
4221448
2424440
4138790
1875818
2807706
7974415
7635552
660280
974008
7554181
8160217
7013578
4592000
9958928
1951922
6358161
3864932
4985311
8024700
4792221
4776820
2555909
6136434
3993466
5871712
5425686
6444108
8280144
613411
7017454
2002101
7351211
9441895
8657243
9227029
4765953
9148010
6862581
5426233
122019
6933114
3586450
9651949
4041466
6061730
4120223
399627
2443015
9105535
8424328
7235236
6398707
3496589
5888023
392173
1884653
3830061
6836281
164797
4443472
3853736
4683251
4311036
5811983
5856846
6054417
577936
5004857
2916999
8520521
7643228
2366465
2106971
7295177
6407932
685053
1415401
6807559
3128068
3037288
7748239
2879657
9435995
3761180
1284032
2344520
5645833
5114093
9180802
8326983
2073918
5550890
3010234
6384954
1362873
8867080
2439371
4457161
6388289
7872722
2977682
4031517
2755540
7601005
1326695
9163472
8286058
2742096
8487383
3930479
8295736
8751975
9326488
7731731
2513155
610520
2592603
8158989
5724613
1773405
6485972
314883
9840647
2012558
6699837
1203520
3395990
9139209
8177033
9784280
9528283
1154715
3815797
2283823
8755720
7658844
3963647
9558131
400940
2451031
3488610
1213028
3719358
2815098
1461111
6232513
5941970
4053715
6907854
4182935
5827120
5910178
4497819
8184120
439088
1197656
9387640
6351431
2853217
81026
6135711
4897853
1235741
2467860
7181676
2507814
126705
1145324
2065945
3043997
6112707
8070907
4257026
9832065
3402357
8234489
8580930
9344327
2288204
8005137
3527262
631677
6431667
8025081
8815797
6870756
1739090
719789
3222187
7108659
800815
1874250
2006512
2036557
6858462
1704541
4544371
9501519
2849865
9126668
2545517
1478924
7197575
9318895
3827341
599932
7553384
2408271
9944259
9841589
2929760
5987873
2989618
9361428
4012955
1805415
8748536
8268397
2525204
4487075
5377056
3326020
6361325
9899921
5362577
5736139
1604462
2423300
5237659
6970679
4066320
299528
8449603
1263895
2134775
2276944
4380179
9688159
7201567
4324438
2046100
131328
312311
5035718
9492756
6841618
9357485
757644
7626367
1882690
5244719
3003424
5208710
1606044
5419697
3087639
9858535
9540511
8027291
5096194
6511190
2093611
5395722
7477145
5873858
7530497
2270441
254037
9735009
9472008
7094827
4297461
2119688
9923490
1849532
4128796
9281461
1207017
4886440
6907828
5606059
131159
2427604
814769
4253555
7847301
6418760
4112091
7387812
6962403
9208285
6415354
9056014
7120360
3892499
7446224
7167209
6162940
7700261
6902218
8151301
7311440
3716032
270989
7234931
5565564
4399786
6516392
9288933
1802578
5940572
4894993
1933738
8368177
8226114
6187293
8731830
4644875
2815736
8635995
4123630
4540374
5051349
3179645
1660734
1460201
3142221
1344295
139493
842483
762866
8290794
670275
4478898
1078136
7905206
2560814
7994274
6937950
1849747
9796852
2878523
9261092
1730590
1246700
7487207
434236
9978530
4648434
3249972
8614525
8772064
7790346
6182227
4468061
1967432
7642428
7610283
3311728
298273
969118
4074594
1105420
1639393
1069844
2183556
2060952
3630658
2694182
8998902
7996757
2491034
1877425
7257850
6737977
5640477
7261409
9688565
8135360
4426195
5454889
6749885
3198259
5761588
5448464
182673
7729020
3090892
7792956
3557100
5905518
1278426
148046
7010938
5434171
1217890
1710846
7495123
7364900
4405028
6494026
5361658
9412414
887803
5135860
8666743
9044633
4913621
8355308
7179993
9339816
3810198
3929878
5054427
9571786
9378343
5237100
9817158
4985587
5546408
3374259
3407457
9341186
3522305
418395
4775358
7256548
4645593
2270481
7137800
9050621
1280859
5015810
979388
4685015
151670
9646131
3729648
7581643
8001440
909641
9437811
1811638
7355871
4492239
3899776
9250566
2245691
3716934
6752506
308452
7091193
159963
9649638
3129851
3094711
4424996
2902751
7740304
9211830
40551
9307278
3009041
5056362
286666
210408
7724384
2449149
6456408
5306028
450589
9882401
7260191
4778579
7238273
4268782
8678355
9005191
6514474
2395290
8274049
6822926
2002835
8434013
8988916
7649038
4045076
5930265
551789
4301732
7658447
592341
3609010
667488
8165055
6412028
3394249
5889439
8861178
9850657
3711819
1828119
9733059
972011
9123051
9487684
5240793
317758
8492875
4271619
2713048
6766925
3610897
7232236
7717290
2599814
4881274
4278718
8530079
7949416
8580450
6188526
1058109
2189461
9372366
9223164
1117841
5282967
7628955
2495371
5133625
1340775
6839843
7383036
4829138
5962894
6870720
2586283
6280652
5363595
6857903
1510053
4646872
2985152
1258641
4880514
5584966
6139915
9159232
6631397
6605683
7739683
5336275
7663792
2445496
7224994
6886956
3563337
2507961
4515912
8575061
7641586
8373039
5414904
5024622
3202177
3894150
4411694
8304812
2691154
2291642
7679067
4201207
6938514
664220
7976200
4335381
8765538
4116116
3494613
5396936
3238151
1234296
3249563
901944
6196144
474557
7788900
2275834
2982519
2304812
850895
3140457
677851
6265799
681432
6396380
2676301
5093126
4701193
5367455
7384768
2380260
2085015
6839635
5560832
61215
1175016
4326371
6693683
7185981
2239659
9931835
936630
5489222
833779
7132774
8480132
8622679
9408608
3979003
3443844
2775855
9635812
6638047
1558006
317244
5550780
4234307
7926723
2768325
9601763
7827843
7664937
1686778
4667478
3225770
4264345
8358846
7552141
958029
8061180
2308152
889864
8997810
313726
1723643
6130584
8793858
2862674
8055545
5289213
8822870
831400
4925026
7977270
2389407
7758622
3528050
9140066
5685345
6296375
1258181
3513189
3961312
2944959
697019
9703434
7209305
1572218
9771927
683686
9633398
2080079
1573550
1147560
2393806
5813545
7278144
3704016
1192571
7850041
8993230
15442
1197794
3918256
509064
6103553
4193230
4037114
5243619
9878576
2849841
6501801
5908117
9327505
1963112
9121488
1547292
1688769
3210058
1319219
2372455
2843456
5915651
6462357
3991016
825809
4792254
3785513
4529825
5984826
4151906
6039407
8516620
5349700
2474015
9025684
1453253
6667246
5579150
9213225
9062174
945343
5715026
4970291
272848
194490
6608131
1820140
1883260
9818190
5655712
6772067
5177998
1571363
3234425
1685367
2397172
8026679
7987232
9443349
4011505
2139138
7999109
5044477
7488839
2989476
4070161
1458444
9656722
2165663
671669
8718896
3111006
8903047
6205539
5900207
9097538
2813671
236699
3497150
5148213
5892411
269217
326211
9980126
3503642
4527930
4893650
1530322
2515162
6853352
8058179
4654301
4852461
5619009
4659492
7841937
9689170
8634288
15012
4371186
9305958
1250260
7482192
725357
9972152
5898751
9822895
5302175
6135451
3320045
450388
2027862
6105615
3292951
4524341
9609257
7820882
9417991
3655931
336044
6271343
4230463
7506697
3640156
9849472
4682541
3998446
2054994
3316830
6529810
6426180
2622788
7780070
6424725
5864497
7752222
2323476
5687393
5570749
8458927
1523790
6021137
3003142
7629405
1830441
43835
9755015
9651323
9461826
5927298
2503719
8249522
157761
10417
4406030
2523585
4692958
920828
7094932
526140
7450638
3521112
3148928
5230709
2462189
1529778
5499283
7302018
9733523
1070033
8277297
1257313
9607522
1280439
1403071
1437963
1324274
3674438
3605638
3302453
9601736
6109358
4068327
2275850
8636127
8474357
7315787
5845437
9395186
4410719
6371578
9362176
448184
2036858
7109237
2910373
3566636
2608521
212391
3300159
6194906
8489689
7073825
8318780
2286480
993248
9756744
6127107
4667686
3362382
1945912
6785774
1988092
6014239
1577976
624219
7004948
8893764
8986009
8916486
3304483
7873939
8278663
3752667
9910797
5387900
9179393
5993786
512773
9391784
9293945
9224031
397825
8884122
7542812
5200658
9877370
7299556
3844117
7061408
3178290
5790029
3847183
7682735
4320620
7941511
823306
1325568
6835275
9809315
2758407
139759
7683254
3553422
6408778
110404
1457674
5588171
6104190
1970448
4979956
7914487
1194479
7894133
6798610
1253643
5611143
6675980
1069551
9455260
6253741
4247842
5245289
2617276
4446929
9565909
558787
5270235
3407830
7394063
5079551
6166237
50174
5279157
2236011
6458952
5389561
3693685
2047124
4010103
5664133
9543432
1924591
9374965
9953917
8723201
628608
5565061
7915533
4214512
5020321
6685626
8462354
2781963
9302902
2909283
2347872
9861690
695870
8272054
9772105
5775421
6954643
9822279
3570931
9190654
6281231
8960492
2884340
844707
5486948
8548473
388139
7411539
439790
342057
8651092
3584751
5907118
9082977
7799263
3443791
5768604
8777969
6225754
5071506
4203604
1089979
7449548
4899474
9362033
9738005
3191248
6316677
9560284
6762179
5507331
8357868
8239023
8391671
9202575
3725971
9456497
2107067
3653862
2412639
4965476
2304954
5997390
872594
1387932
6313005
6832737
9672888
5090974
3058492
7260746
9294578
4148471
7226647
6710405
6026856
6964652
9901653
2343533
6524937
9180184
367217
7399157
7419207
1275240
9118084
3661531
3248089
1225151
7315393
5660729
8706979
9620348
4174471
9579573
3524632
487477
8928663
5713872
5578451
4503507
2974618
7389382
1168330
201265
4099787
7195186
9682270
6517792
2055072
6207207
5697976
4938641
6122716
3117183
6213881
7757152
6778714
9461971
8982304
6610460
7639052
205635
6230808
1813523
9785209
2271792
2301000
1230224
502016
7879452
5733731
3476634
7785186
6902061
6194252
1884973
4097247
5876522
919117
8668671
4600081
6617093
3607312
3239149
2250628
9821194
996301
9029343
1799517
2494957
8156155
9438569
2700593
6903315
1252092
5002154
9175107
6069445
6232378
9677123
6465249
1966109
5670109
4250435
1384522
4380713
8651760
7998121
2773587
9570877
6666793
7373668
6187970
2790457
3129169
8438598
5128003
4125471
9984293
6927520
6620428
8140448
8882441
9321021
5043763
2650886
4323175
6735222
8720331
3071905
8928697
5185580
7554366
7115159
9436015
8938888
4012224
604127
9453362
6785812
175004
6120155
6675832
8879326
8910612
9805002
9834276
4038616
3930473
2334922
3482488
550901
2991722
2364930
2388275
551838
5015816
9227802
9803412
6252499
4816060
1248462
1438079
2370426
8363621
3390446
3825667
2375845
3994573
3279029
9161657
6685929
1915536
5837490
5565255
3342500
8158844
7915883
7381116
2089317
250805
3379957
5156570
5758880
8261239
7544845
6310718
5793407
9289000
6114130
2045906
4105060
7362592
6000337
6475486
8242565
9390783
2817505
3134763
5901708
6096534
2296420
2587637
8012070
650262
669244
1354571
8809106
8585127
1252039
3414775
1352285
7148348
8571346
7111165
5409587
8632543
5938235
1202994
7921543
4568717
5765252
4542955
1931310
1765589
3534794
2690227
3672724
6352299
5824990
9574432
2448834
637763
4678421
2977256
3804377
7864017
6848179
5129836
8965497
8100219
8544611
317782
5248567
7115957
9945299
3174507
8264853
8399886
6893853
6186396
2968603
2659106
729352
7416265
4424695
4264146
106493
613772
3132797
5931483
2704556
5581631
9085598
9899330
1075240
2889976
7763347
7923419
8019812
6728844
8539990
9080775
9562978
3788558
6196733
2024629
9479417
6977938
424515
6373270
3164334
5909471
9032376
6410038
3325736
5973424
3190536
3432229
9103548
6323334
1880065
1808104
4421317
3482015
1707434
5496557
6371991
1987134
3419977
6908155
8715978
1959967
5988931
795309
8264877
4702016
5336290
7744294
1679954
5760806
6633917
7360640
1670277
5666293
6287031
7512365
4156069
9477567
3460947
3259617
5800901
7857364
5067722
222219
1339379
9291508
8235128
7711371
1278642
1655105
7135878
2510973
6131425
5641161
5822634
6912654
343177
1158924
4656949
4539483
9436082
1290866
1900124
3622711
9473511
8187155
1135077
6145933
181074
4596024
9405550
5981976
2453388
6989624
8720547
3792767
8797485
9472027
4020490
76127
3643485
3672721
5103452
9774910
9313882
926086
6687564
9657060
2085011
3860865
6712895
1521093
7668083
1129371
5143805
9657947
9316526
8795234
5803880
2013953
3391258
7725782
512281
8360998
4715407
9232828
2153765
6029244
1221207
8690608
6105371
4864692
2363329
3725176
7155954
1677211
4651262
3843519
3850623
9252625
220736
3079871
3290071
405172
4209242
8433876
63119
3525769
9745462
8383351
5539722
3136720
6109133
6052003
1497718
3340892
7801183
6167835
9370136
1538742
4858443
7991860
6403435
9738124
4233388
3559389
3931688
8884650
9919260
298663
653628
2656349
3378534
3943699
3061521
7587777
4893927
5640992
3629898
4639389
6540695
1685972
292461
5166180
254327
4306531
8507073
8055510
474366
393561
2110604
7849162
901773
8514039
103638
5135161
4589781
4035326
6536164
4509041
4333990
7189792
7165390
7712524
3649843
2743263
5300301
8543770
8384255
8930199
3183159
7441302
616171
5991972
2607483
870498
298503
1114556
1442360
772869
4024469
6069317
1138383
4926243
4583356
1242022
2577756
9173137
7793700
1630272
6198531
2127690
8820064
3363921
2356567
2469907
8623537
173220
3530029
9524144
9103420
6713188
6965447
2235943
5221512
9572930
5622794
5520015
3203838
9581506
6292885
7228307
5650823
9947620
4670902
2750532
1189642
9765011
1923669
1499695
1395283
8122200
3627385
2731700
4002474
8500304
5201607
2626011
8673525
8731637
2150155
293297
7961177
9115602
5045592
3182690
1204884
668386
8702705
4408722
2766245
7511942
4153382
933420
9975915
1340636
3683952
3681909
1105647
8123974
5181604
2500931
8762526
1325342
5232631
2765000
9825646
2950590
7907363
8499171
4198579
2573871
1308820
4676109
1689473
6354413
7858799
2894358
9539151
9077856
9819432
2305396
9106151
3972814
5755169
1598418
5313451
9439121
5280327
8935450
79447
461932
1436381
8841974
1787274
9185364
4123326
4129272
2135955
4547042
2628444
6334534
7120913
3937264
1010643
8810386
2808029
1385794
4221096
2347181
2980003
6556881
7168929
4602506
3046047
2924098
6200924
8359498
4879572
1481251
7294949
4959019
4459535
1247682
6317345
6246809
433047
2957024
2892434
5085354
7504066
8037230
3936240
4624979
1974494
7463236
5951717
4782524
8849030
2689166
9646057
4345385
9246047
6814986
8947891
2292094
9739085
7665167
3167945
4618657
9146419
2979246
2094028
6122306
4226928
927726
4885468
7176327
3884750
7777902
2261681
3905168
5815132
6197922
8530147
305978
3661158
6998216
7604854
5026540
9687382
7250911
1888278
1449781
4065898
3352521
6258228
6321335
1017689
1942525
939992
2680460
4921771
5550372
8802766
1665051
8994450
3688234
8841379
2879200
1466136
1103060
9300720
9797620
9817334
347219
103599
5994844
7345436
7708453
3537737
9549170
4959365
7942367
3515304
1541615
1294888
2289884
7862950
4828929
4232409
1319294
7509389
9154180
6869666
8828508
819231
5864117
2516742
9660610
1259669
6499231
3280023
3076742
6296851
5613709
3423961
8916802
1608554
769397
6625256
7662643
2834920
4100973
5605010
8866576
5642588
9416250
1156460
3505538
4245180
5388869
4824832
1754569
7059401
4210850
3099429
7878632
2591319
8132524
55595
6367341
4631755
5851970
9444083
3444958
1465679
2868044
2361761
5590585
6153794
1503369
5769580
1505066
5604342
1374590
371642
1246930
790841
1528102
7268820
7552373
9433323
4610004
1823294
6492724
1337206
4922724
4371356
3928526
3055248
6943303
2812219
203355
2795273
2256302
6164665
6777305
7640698
1042778
4884242
6310844
2546147
653823
7815910
666841
4544765
8187552
4430123
7851958
2232006
1698943
5404331
1665329
8825299
7227626
8158053
162506
4666702
5045762
6607384
7721950
4505417
9419603
441657
9817043
4192257
6606322
6594348
1832955
7649101
3994942
660152
2711600
4648765
8476062
3378442
9193531
9179967
7808565
9561841
3928325
2023861
4966173
5593655
849160
4710151
6268060
1011666
9376853
3830174
7619050
9615155
8335592
9555005
56812
8152635
3747262
9179486
4746983
8096570
6828587
8741925
8756722
2056540
5907043
9749136
5434982
7616926
1445455
5759899
7178767
5373781
7783760
4661292
3483788
1149273
1887795
2268200
2160939
1264648
6098375
2296342
879803
4433967
1851347
3452967
5102954
5598610
2632454
9849937
6211532
1977393
1108214
4968254
4033933
9531609
7233742
1985267
7148535
8679198
261519
6843655
6569331
561631
4021299
2569471
1710904
5909095
7354023
6388196
9690095
5968750
8684538
3086251
402717
3052237
6539218
5505671
1167199
1688024
7871960
7378731
3665418
1496527
2346985
215703
3544488
2097080
4717323
3209376
3292630
7495194
53031
9861961
8056825
6590682
4947784
2284082
5016129
4818159
8672278
4706225
786910
9873168
7792476
1189627
2925405
6848046
9211651
4092605
8536071
9599963
1471336
4717841
3612842
6334674
7449896
7157331
8431754
2167219
366707
1724384
2178765
2936090
4102697
235591
2043124
1566833
2519673
7059254
6384992
3708303
1765479
7171902
3581471
9557955
877882
6506876
8922353
2605885
3115833
7458424
4722200
4587170
4692617
8335043
3438196
2142514
8008726
1869950
6826085
891785
6110686
9004851
3827875
2729735
1756794
8387351
4296568
4276467
5446605
3197912
7984770
7212084
2886167
1566241
9286391
3764049
589469
8208745
8886286
3705303
8183521
3608486
808825
2876139
4459881
4247021
5018653
4984959
8633323
4361090
5876744
7260361
3365941
2220971
9990096
5122735
608323
6803016
1915554
6054928
928
9900324
5783365
2887095
3982917
5069756
9167496
7088739
5794853
570134
3310394
3978375
6694973
6635571
9370866
1154854
882592
6905871
8656166
2032267
1266961
4532910
9292628
4632903
6753882
1799076
2271990
7362205
8602092
4187545
5933485
1119372
6604221
1716850
6522820
3103491
6786607
5690316
192230
5097812
8776803
6018976
1592539
5471776
2654547
963405
9142982
6053491
385628
7799148
602110
1652590
2332059
9894738
8801845
1602293
4210166
1073835
8964498
5328610
7777732
4897983
6447982
6898306
9131186
2970802
1797
8434145
1177471
2710379
3531957
9954274
8729355
7640849
7942402
1383902
8604254
7085384
9953745
1506235
4884533
555855
3158825
9732944
2966945
4477022
1335237
7177111
5550857
2816087
2505721
5844942
230422
1470055
2743248
9361608
6957210
2745045
7795753
8134681
7971776
1327711
605307
6701131
1484912
8547709
601385
2605518
8149445
555130
4111753
5550330
3627337
7270578
5283274
6594282
1747600
9134863
3771393
9814810
4467302
8793466
8176104
4697725
2779873
919352
4059333
9737083
6180749
4371439
7871764
4152525
8215502
993423
3370008
9700414
2057484
3971393
2305932
206930
7042875
6417686
5757260
670212
6204616
3556887
7264494
468569
2691750
3552239
283379
7159053
4862057
975835
4373130
7641930
1895187
948815
9895366
592288
5320254
283482
4744813
3535756
1276906
631173
5752522
3334390
4602566
8058455
6057672
4161793
6992493
1814933
4832005
3197109
5371820
4612851
3665678
579922
681442
6465409
255327
8059851
9957596
4628457
8218133
1852783
5577273
8113499
4961423
897527
8396982
2222588
6949636
9673888
2853761
5218510
5524630
7456327
3276965
1582303
1618120
2785810
5913588
8966477
8499272
1285408
6095680
2164950
4381682
6777122
1146712
4637010
7353325
1104308
9265467
5571459
5473444
4842740
3684958
434867
8256620
2081940
5173808
7722608
4272180
8027569
2941118
2313163
5483897
8734436
3895466
9618369
1520246
9809054
1101199
19518
3610814
7196879
4700821
7992496
6490354
8363885
2629506
3843679
1984545
4411326
1931490
9974341
1770418
5616449
2925561
27038
214741
8099369
265998
4486922
6126938
3207117
6800085
4127187
4457905
3211903
6261909
8494503
5537309
7363108
1030374
9148123
7076339
8247547
9656971
6083045
6611432
4802830
2443077
1112329
9214156
4374567
1086671
984574
9991016
4012232
3527965
205758
4627953
3793963
7209032
754891
9517432
6525469
4882079
6491689
9737372
1143988
4986193
5274681
1023448
8532919
6939156
616139
6780466
9112479
6699185
3391898
3915309
1658614
7020579
5645817
6033181
8107250
9146744
8540550
4635834
5191061
1262660
1780139
1501376
8471692
2535031
1018809
7513513
9933462
26850
7250885
3593802
5013043
5041918
4617250
3545962
1981074
7749741
2842780
3609905
6965278
8751030
7525215
8623892
5771610
5687384
4657074
6395212
4834128
5713976
1031047
25189
6976636
5327538
1526566
7964680
7862569
5061727
5478193
312383
5088577
5245430
3906185
2617973
287348
1039787
8680287
4784774
8789529
1523068
8394679
5754807
274098
8436246
6895052
8562060
6639983
1552126
4957273
1474111
9782454
8504672
4015653
9275442
3832210
8058571
7240122
1694780
5636650
5234667
4523515
3241579
480097
8429701
8375904
3283797
1985840
7056192
584923
775369
1095612
8979602
9046529
3886062
9932201
5941581
2448123
6572184
10059
7405396
562647
9792513
8426420
7094652
9067955
2258630
5153223
8824429
6469762
3306225
4059096
993278
6547805
7055545
9422979
4923709
339342
3925171
4496253
924265
4700541
8108217
2420219
6263422
1994280
4868772
2205003
6958755
1440956
4731414
4364151
4519956
7040279
2790571
1614608
6108234
7565553
9284184
7449015
4035316
2590409
4024463
5028594
1654566
1080008
6967925
9094628
3935702
893096
6107233
7376319
8109989
4215451
2312890
6889763
6209731
7181663
1611118
5684838
1138971
6342532
2565341
8175279
3382811
5355912
9789888
2007397
5437817
1590424
1972764
9473133
6697185
5997227
7018079
8351752
9593587
6502356
9962732
3529289
9911805
6069965
3421960
538146
285416
5734851
7427910
9011499
5432866
9039028
4696337
9088189
5381561
7261678
7263469
1280724
5133942
9569709
5804474
3088112
1160133
7777238
2561245
7857318
6290818
2095677
8725422
5884405
8598033
8688154
1930047
1026190
7274472
5352007
1564337
7559888
3603210
8992247
9087740
1552428
547627
6300429
640618
5929188
6078460
420439
9726265
1212402
9990148
5530739
4300514
1150281
5824329
9378112
1523951
2115147
3990141
249374
515905
5104526
1453880
2445952
6130717
8728352
314311
211406
8804593
6433874
9203653
408685
502654
9751280
6709114
1143272
8196821
2787574
1563711
439438
6516329
4070211
8486529
3333195
5220492
4310858
2711307
9260796
8942358
9217800
2026522
9458263
4322327
5996754
4420567
453044
4725107
7251230
664450
6046052
3685104
2384455
6454737
6704111
4652087
3163851
7847383
5365260
8467778
1927447
5804698
4984107
8514010
4291227
8317302
3734503
1118438
3544962
5511651
2577148
2762762
7538173
4551763
9601441
3534927
8972330
54485
776386
8739912
3235287
9338790
4941369
8136094
5793527
1645480
2788182
1473731
2009215
669794
2457861
6453014
6474493
7441968
4967025
3282072
8275622
1217880
4400510
4336936
6729531
9494010
9616051
6784056
4045773
9217492
318983
5534455
1788330
3611722
4274368
7539969
2950512
9215737
5676064
8744040
861217
980598
2734123
5386784
4166744
5191984
1839799
641237
5150304
6806824
6439662
5942278
8024704
840172
279215
7270587
2850535
2411618
4054643
6896308
1629110
6889978
2430764
5933792
501700
6705132
3473762
3452213
8437221
1666178
4712605
1814790
5163128
9963080
7201574
9329872
5155064
1557725
2487462
2821720
8364549
8927124
8763998
8905605
2283648
9043213
8692544
5134183
3971183
2747187
4546844
5600294
9637166
6977608
4050438
2655218
6199092
40552
6107431
7152665
1706730
3336388
8967455
9386210
3299468
8685381
1232435
970884
243107
6236249
3792604
1124008
7679725
2556603
2545966
9963373
4116168
1238510
7613909
8087352
6502050
2160753
6203998
6139216
1654713
254436
1310786
370157
294989
7418218
7522822
4518071
3270958
9006629
6420634
6570427
208362
7653069
57663
2967821
6405670
3850268
6608182
4085395
8923223
9154148
4048768
5555743
2909010
4179029
3643095
9411060
8856134
2363445
8066628
510847
5134234
9377415
3397356
5429223
9311985
3436530
2463646
2582943
2443159
8884280
1669722
5167874
9053701
1727386
8135695
5459371
8094006
4743877
9544766
9533581
6414377
6109887
5089324
9323388
2805268
1248772
1250800
1661403
3612217
9317429
4688602
8746451
1211196
8085959
6692026
523181
1522489
1672025
5622476
6482001
556305
7292199
1649875
2126359
1535937
2301922
102082
2146295
7045800
9646849
1679876
5976529
8273088
9285552
7816269
1078356
534324
9067070
5256111
6662894
8384499
9944714
7925697
9595695
547025
4617724
2635228
2069514
6289749
8257704
1067867
9362406
8066255
2717742
4005117
9602192
5019665
4107200
1748487
4581817
6270401
5944715
558346
4543489
5230268
8374616
8138197
8280944
9958038
3394309
4943838
858889
3339023
5385888
2970936
3886048
2519964
5606164
8471914
1326065
3863868
2056134
688471
1930124
4773876
7209941
4048668
2309893
1317141
8313508
9408062
7587542
4258223
2482761
4647383
2004843
3373729
2785580
2802140
3331767
6179889
262330
4190656
2035264
5648218
7161592
8437664
8168182
5284108
6909579
9494247
9147976
8965713
2699071
3594452
6255941
9909012
159473
1082187
3742505
8472981
3006601
1330047
5247556
5489362
5977430
9768752
8863091
8763010
2570892
2194858
7459252
2833222
8901866
9494516
8481441
6063458
7932181
9165975
1347566
7358112
8660223
3011895
8840177
3875646
9122699
7612470
6301010
9282172
8694657
43515
271505
1701259
3889914
5519062
7190621
2383696
5287814
8570065
3663058
7858706
3281275
1122310
691928
2183142
3133179
1689721
762952
1065360
855697
2110519
939824
2032272
7638766
9780001
8424270
6761465
7392471
4725280
8559990
8603481
7285147
8831495
2821092
3691413
4350557
2528065
6075109
2154723
1098130
9738167
13429
4379406
3376830
3221710
9078900
6510009
7427783
9841852
91721
8283480
4468723
1031545
2832104
2107489
3327898
1256374
1385307
3236721
5981654
9945297
1840202
5783153
1293144
7177646
9474566
8160054
9705712
5549675
314777
3320194
7804195
2844559
7699600
1181025
8582621
6778500
207386
6010404
9136705
299107
6810237
3605428
3847004
9642341
5712918
7174902
898716
9614577
2927975
9396722
2076226
7284530
7696228
3369370
4462176
7170794
1529424
4167888
5236822
4360554
7488083
5557369
7205113
7704035
6738394
5787734
6998888
6945780
4314490
6135593
9761239
1124727
9741021
3608243
3283421
5453939
3299497
6698489
7584868
6227472
6095211
9661094
3512002
6307791
3030465
7974179
5994938
4559889
4658419
1231760
1436795
4662854
6789129
8641908
2366890
6043875
6945994
9365778
2989655
1260485
5501371
5267246
4901564
7758744
8875489
8184985
5729036
2174986
4883474
3313904
918810
3495038
2974999
6947165
9802829
6005464
7437696
5797767
3081705
2096115
9545879
4518501
6758970
8851360
5676761
1642212
4895235
2622756
1007990
401242
6399593
9025713
5668488
1301157
9300809
4543977
2002495
5029845
9235315
9402321
8343750
2670478
2897359
1318749
9617643
5216541
9840565
7055339
3530660
5438622
1667806
3076540
9957123
8426776
1927900
8150237
2585340
6823136
772993
3593330
7224378
9688938
5135395
5409219
3506447
4436205
9953196
8025294
9466050
1704864
7427616
326152
4375342
324975
1644901
6509337
8057868
4001818
6081028
1588529
9440441
7748834
4665069
1913916
8691963
6592969
64153
1277303
5932457
3353498
7386986
5673188
3042436
2522381
1082407
9065236
9474938
3551955
7090530
1457341
5256819
4518146
1783493
2148513
7359474
5944747
1174202
5417342
9946565
7255230
7005871
9387006
5004065
4187292
3817275
6212380
3296614
3881428
7489683
9229071
7234927
4876669
7418611
2793715
9915403
8501018
1858951
9390341
4569326
8949482
847682
2342497
5983980
2631176
4491011
3343454
8575923
8181565
1277149
1038840
5436796
799372
2942199
2957213
4986665
6759474
9169593
8283279
640902
9175628
28702
392181
6568650
9963666
3185897
6484053
981036
5044848
5874394
5550362
6510682
9238429
7892860
2494663
4385957
4900223
8354469
2961880
3081788
9631618
6517072
1034936
2947343
9459271
3992149
7934008
8735097
5678094
8733639
9376000
7370075
1278693
2284533
3938725
1242359
5470430
422778
2223396
3031631
8813524
7773758
9542313
568305
8182970
4553328
4954262
3083193
5424150
432494
6164982
7572120
6949567
7199918
519463
8925190
3708420
8453471
7660288
1902866
9703462
9552640
1789293
982156
1837173
5728018
4740867
7307604
8667148
9480615
2855587
9997025
9770726
2397900
565330
7953696
9467581
5519593
1036890
4891731
5952087
9718224
2463851
5418006
6918142
5499667
4343197
3142914
6469490
4519837
7562133
6172953
4072477
9351426
9671461
8426002
7595797
4412328
8249958
6262945
3892944
1105545
8776322
6180022
6019798
9341653
4133718
5487379
7377598
5170608
2895462
3329685
4888832
7875665
8747692
4323327
3375332
5607241
9982593
9844823
127078
7544726
6017776
6715907
9412505
8205589
5141909
7008302
2617917
5908220
5787599
9027213
7013765
4563922
5207235
3033563
6421927
1857306
1037294
3799525
9544266
6449108
9645562
6949451
4324774
909606
1272778
216458
6516847
3771723
61281
6643925
3832802
8595409
5876184
3245307
6800998
1018094
2769961
1935268
6926314
8557560
962481
6456431
5637834
8686069
2006347
4576113
3059727
5559993
891990
2603993
2009102
537553
9553444
8850228
1447159
3342574
9066686
480359
7114298
9127968
9640636
947100
7723377
5516821
4192407
7040728
9051267
6962368
8975996
8493933
8036280
2454829
4950364
6190467
3657250
9473063
766580
6716977
5033057
1658571
9320971
9558511
4712476
1390767
8408739
8675987
4733342
7475425
9156346
1847640
6603393
8796983
5311092
6843123
6830156
2019851
6400203
5881423
1498571
5376199
4375356
9534851
7831028
1842072
8241670
4004631
1315136
9008251
721608
8864545
3183174
2558931
8423056
412002
6466051
6831795
9087989
1199393
4307220
8244336
5563385
3426966
9557671
874477
2786441
6387827
5410680
9186644
4785602
6909251
7079195
9160958
8960454
7426575
3519382
7202125
1431206
4834518
8726728
4669167
6215415
1909902
9744450
4638471
2321904
6210501
1470266
3926245
7409894
8293839
2170581
5489631
4237157
4244604
8880460
9539950
3148783
4291140
8726594
7934385
1200391
8322141
9611695
160846
5748716
3131078
7362971
7179923
481948
8606051
4365442
6697364
515953
4109892
3852187
5354209
320394
5322454
9280454
246640
6132645
3967388
5736272
369802
728344
4616732
2426104
3877128
1424225
1152698
1811513
5140968
1991191
3939561
5301814
7739907
7070639
5181137
7436182
68939
3787188
1801624
9282655
6819493
5911517
3134843
4690054
8748263
973649
6486861
8994903
9622646
454249
7247527
2508800
1182593
4380612
4934904
7576073
5804837
8603954
9387587
945805
595145
5843500
8763972
8335052
2914139
6461461
8287587
5499430
2765002
89211
7298438
9584495
8517080
2949633
4274550
7265343
6439634
761411
8776599
6062280
3732012
6024126
8571080
7430957
404738
6022336
5007031
8725927
4626290
6910970
9671733
7737787
2754470
952057
8589191
8184961
7413518
6876778
6200743
178520
6965990
3499181
2279368
7999422
6448814
9070270
7781118
2888448
2348033
6557717
1467080
6080045
5098195
2554512
6027354
5502934
8576848
1034385
6745213
5719490
461707
6416946
3457277
3216177
9885355
2046469
3917490
7298874
8923247
118234
9993746
8405589
6133767
2273114
8921364
2582582
1343384
6702482
7987382
3691417
3260199
1970815
2287814
8358394
4525327
831521
6377680
5618528
4382258
3122894
3854370
4843966
2056192
7311648
576495
1941548
1874469
4493986
1756774
3314068
7128572
1750520
4236010
3262339
4023635
3157374
8361273
7883371
9859856
8865008
4091141
3120055
835823
8895307
3994801
7877502
9726828
2888834
6012382
4109087
8528080
9866753
1469405
584272
9694753
2045900
5042172
1569222
9056238
6798946
7399642
6184810
8549467
1635652
1963502
5089454
4793026
324775
2972825
4652882
9189783
7063966
289289
2541958
8475626
6800443
2935813
8202454
9689277
8948195
2311541
8217357
8814948
3780946
1317981
1026053
8343199
6360154
2595275
7399437
3159100
2511270
6100600
1708567
4146922
8064102
6798021
8939949
8388877
2287199
3592831
95013
1867517
6398473
2636971
343143
3198916
5572784
8545598
2888193
7037332
3373491
3621902
8368632
9670790
4939883
9394686
8013989
1300037
4506313
7929778
4459138
7017583
4030378
8684057
1164506
2094480
5482079
104455
2999710
285630
6213638
3094723
2153147
5128463
8248046
5012643
8327379
6337183
3558241
3731924
3374515
9448084
7353826
1743147
1635226
4810062
1137833
9649215
